WLVSF30068BGRVPNN	160.000	 342	 361	 525	1150	   1	   1	   1	 324	1533	 994	1110	2754	13.6	   0.06
WLVSF30068BGRVPNN	161.000	 337	 361	 525	1149	   1	   1	   1	 324	1548	 986	1106	2757	13.6	   0.06
WLVSF30068BGRVPNN	162.000	 346	 359	 534	1150	   1	   1	   1	 324	1535	 983	1105	2754	13.6	   0.06
WLVSF30068BGRVPNN	163.000	 350	 368	 531	1149	   1	   1	   1	 324	1527	 981	1102	2758	13.6	   0.06
WLVSF30068BGRVPNN	164.000	 357	 367	 530	1149	   1	   1	   1	 324	1533	 969	1106	2758	13.6	   0.06
WLVSF30068BGRVPNN	165.000	 351	 369	 538	1150	   1	   1	   1	 324	1540	 986	1125	2752	13.6	   0.07
WLVSF30068BGRVPNN	166.000	 349	 367	 535	1150	   1	   1	   1	 324	1518	 997	1105	2752	13.6	   0.07
WLVSF30068BGRVPNN	167.000	 352	 371	 532	1150	   1	   1	   1	 324	1513	 994	1108	2753	13.6	   0.07
WLVSF30068BGRVPNN	168.000	 356	 371	 539	1150	   1	   1	   1	 324	1540	 988	1100	2753	13.6	   0.07
WLVSF30068BGRVPNN	169.000	 355	 368	 537	1148	   1	   1	   1	 324	1547	 994	1104	2758	13.6	   0.06
WLVSF30068BGRVPNN	170.000	 349	 367	 540	1148	   1	   1	   1	 323	1534	 987	1111	2757	13.6	   0.06
WLVSF30068BGRVPNN	171.000	 350	 367	 543	1150	   1	   1	   1	 323	1547	 991	1108	2752	13.6	   0.06
WLVSF30068BGRVPNN	172.000	 355	 369	 544	1150	   1	   1	   1	 323	1547	 993	1099	2752	13.6	   0.06
WLVSF30068BGRVPNN	173.000	 343	 368	 533	1149	   1	   1	   1	 323	1526	 997	1104	2754	13.6	   0.06
WLVSF30068BGRVPNN	174.000	 351	 367	 532	1148	   1	   1	   1	 323	1530	 997	1108	2755	13.6	   0.06
WLVSF30068BGRVPNN	175.000	 353	 369	 535	1149	   1	   1	   1	 323	1545	 987	1112	2752	13.6	   0.06
WLVSF30068BGRVPNN	176.000	 355	 371	 535	1148	   1	   1	   1	 323	1534	 978	1110	2755	13.6	   0.07
WLVSF30068BGRVPNN	177.000	 346	 365	 538	1149	   1	   1	   1	 323	1532	 965	1110	2756	13.6	   0.06
WLVSF30068BGRVPNN	178.000	 346	 361	 526	1148	   1	   1	   1	 323	1522	 958	1102	2756	13.6	   0.06
WLVSF30068BGRVPNN	179.000	 347	 363	 533	1148	   1	   1	   1	 323	1512	 959	1087	2756	13.6	   0.06
WLVSF30068BGRVPNN	180.000	 355	 362	 531	1149	   1	   1	   1	 323	1506	 953	1081	2754	13.6	   0.06
WLVSF30068BGRVPNN	181.000	 354	 371	 534	1148	   1	   1	   1	 323	1507	 956	1086	2757	13.6	   0.07
WLVSF30068BGRVPNN	182.000	 353	 371	 534	1148	   1	   1	   1	 323	1524	 968	1070	2755	13.6	   0.07
WLVSF30068BGRVPNN	183.000	 357	 377	 538	1148	   1	   1	   1	 323	1521	 966	1071	2757	13.6	   0.06
WLVSF30068BGRVPNN	184.000	 354	 374	 541	1149	   1	   1	   1	 323	1522	 966	1063	2752	13.6	   0.06
WLVSF30068BGRVPNN	185.000	 356	 368	 534	1149	   1	   1	   1	 323	1519	 958	1062	2752	13.6	   0.06
WLVSF30068BGRVPNN	186.000	 351	 365	 540	1148	   1	   1	   1	 323	1532	 955	1063	2757	13.6	   0.07
WLVSF30068BGRVPNN	187.000	 347	 362	 538	1147	   1	   1	   1	 322	1562	 960	1068	2756	13.6	   0.06
WLVSF30068BGRVPNN	188.000	 346	 361	 531	1148	   1	   1	   1	 323	1573	 965	1061	2757	13.6	   0.06
WLVSF30068BGRVPNN	189.000	 354	 364	 528	1149	   1	   1	   1	 322	1573	 979	1067	2752	13.6	   0.06
WLVSF30068BGRVPNN	190.000	 348	 365	 520	1148	   1	   1	   1	 322	1557	 980	1069	2752	13.6	   0.06
WLVSF30068BGRVPNN	191.000	 353	 366	 524	1149	   1	   1	   1	 322	1547	 984	1065	2756	13.6	   0.06
WLVSF30068BGRVPNN	192.000	 351	 363	 521	1147	   1	   1	   1	 322	1545	 963	1084	2754	13.6	   0.06
WLVSF30068BGRVPNN	193.000	 354	 354	 520	1149	   1	   1	   1	 322	1509	 957	1089	2752	13.6	   0.06
WLVSF30068BGRVPNN	194.000	 349	 364	 521	1147	   1	   1	   1	 322	1492	 950	1090	2757	13.6	   0.07
WLVSF30068BGRVPNN	195.000	 349	 371	 525	1148	   1	   1	   1	 322	1484	 955	1079	2757	13.6	   0.06
WLVSF30068BGRVPNN	196.000	 353	 366	 528	1147	   1	   1	   1	 322	1476	 944	1066	2756	13.6	   0.06
WLVSF30068BGRVPNN	197.000	 352	 379	 530	1149	   1	   1	   1	 322	1467	 935	1058	2752	13.6	   0.06
WLVSF30068BGRVPNN	198.000	 369	 393	 549	1149	   1	   1	   1	 322	1473	 941	1064	2752	13.6	   0.06
WLVSF30068BGRVPNN	199.000	 379	 408	 567	1147	   1	   1	   1	 322	1473	 923	1068	2756	13.6	   0.06
WLVSF30068BGRVPNN	200.000	 389	 390	 549	1149	   1	   1	   1	 322	1485	 923	1078	2754	13.6	   0.06
WLVSF30068BGRVPNN	201.000	 363	 372	 535	1148	   1	   1	   1	 322	1489	 927	1072	2753	13.6	   0.06
WLVSF30068BGRVPNN	202.000	 357	 369	 523	1147	   1	   1	   1	 322	1501	 933	1075	2755	13.6	   0.07
WLVSF30068BGRVPNN	203.000	 348	 364	 528	1147	   1	   1	   1	 322	1497	 935	1080	2756	13.6	   0.06
WLVSF30068BGRVPNN	204.000	 346	 365	 532	1147	   1	   1	   1	 322	1509	 938	1077	2754	13.6	   0.06
WLVSF30068BGRVPNN	205.000	 356	 371	 534	1147	   1	   1	   1	 322	1509	 940	1071	2754	13.6	   0.07
WLVSF30068BGRVPNN	206.000	 353	 369	 537	1147	   1	   1	   1	 322	1515	 942	1087	2755	13.6	   0.06
WLVSF30068BGRVPNN	207.000	 354	 369	 525	1147	   1	   1	   1	 321	1516	 932	1086	2756	13.6	   0.07
WLVSF30068BGRVPNN	208.000	 344	 365	 530	1147	   1	   1	   1	 321	1514	 932	1087	2754	13.6	   0.06
WLVSF30068BGRVPNN	209.000	 345	 363	 531	1148	   1	   1	   1	 321	1532	 930	1078	2758	13.6	   0.06
WLVSF30068BGRVPNN	210.000	 346	 365	 529	1148	   1	   1	   1	 321	1526	 937	1087	2754	13.6	   0.06
WLVSF30068BGRVPNN	211.000	 345	 362	 522	1147	   1	   1	   1	 321	1528	 936	1089	2758	13.6	   0.07
WLVSF30068BGRVPNN	212.000	 351	 365	 524	1147	   1	   1	   1	 321	1507	 931	1098	2754	13.6	   0.06
WLVSF30068BGRVPNN	213.000	 357	 367	 522	1148	   1	   1	   1	 321	1501	 924	1100	2752	13.6	   0.07
WLVSF30068BGRVPNN	214.000	 356	 368	 524	1147	   1	   1	   1	 321	1487	 931	1103	2754	13.6	   0.06
WLVSF30068BGRVPNN	215.000	 350	 369	 526	1147	   1	   1	   1	 321	1493	 935	1081	2752	13.6	   0.06
WLVSF30068BGRVPNN	216.000	 351	 369	 519	1148	   1	   1	   1	 321	1491	 940	1081	2753	13.6	   0.06
WLVSF30068BGRVPNN	217.000	 353	 361	 521	1148	   1	   1	   1	 321	1473	 942	1070	2752	13.6	   0.06
WLVSF30068BGRVPNN	218.000	 353	 363	 518	1147	   1	   1	   1	 321	1473	 945	1068	2754	13.6	   0.06
WLVSF30068BGRVPNN	219.000	 351	 364	 524	1147	   1	   1	   1	 321	1494	 950	1075	2754	13.6	   0.07
WLVSF30068BGRVPNN	220.000	 342	 359	 518	1146	   1	   1	   1	 321	1487	 947	1073	2756	13.6	   0.06
WLVSF30068BGRVPNN	221.000	 345	 363	 513	1148	   1	   1	   1	 321	1486	 951	1070	2752	13.6	   0.06
WLVSF30068BGRVPNN	222.000	 349	 369	 515	1147	   1	   1	   1	 321	1492	 956	1059	2753	13.6	   0.06
WLVSF30068BGRVPNN	223.000	 356	 369	 519	1147	   1	   1	   1	 321	1491	 946	1064	2755	13.6	   0.06
WLVSF30068BGRVPNN	224.000	 354	 362	 521	1147	   1	   1	   1	 321	1496	 946	1051	2758	13.6	   0.06
WLVSF30068BGRVPNN	225.000	 352	 360	 522	1146	   1	   1	   1	 321	1480	 930	1050	2756	13.6	   0.06
WLVSF30068BGRVPNN	226.000	 351	 368	 521	1148	   1	   1	   1	 321	1492	 931	1060	2755	13.6	   0.06
WLVSF30068BGRVPNN	227.000	 344	 367	 526	1146	   1	   1	   1	 321	1494	 937	1066	2756	13.6	   0.06
WLVSF30068BGRVPNN	228.000	 346	 363	 533	1146	   1	   1	   1	 321	1488	 942	1059	2754	13.6	   0.06
WLVSF30068BGRVPNN	229.000	 349	 365	 522	1146	   1	   1	   1	 320	1486	 942	1065	2753	13.6	   0.06
WLVSF30068BGRVPNN	230.000	 348	 365	 522	1146	   1	   1	   1	 321	1490	 942	1081	2755	13.6	   0.06
WLVSF30068BGRVPNN	231.000	 348	 368	 528	1147	   1	   1	   1	 321	1484	 943	1078	2756	13.6	   0.06
WLVSF30068BGRVPNN	232.000	 344	 367	 526	1147	   1	   1	   1	 321	1487	 932	1068	2755	13.6	   0.06
WLVSF30068BGRVPNN	233.000	 345	 368	 524	1147	   1	   1	   1	 321	1494	 930	1077	2757	13.6	   0.06
WLVSF30068BGRVPNN	234.000	 343	 363	 527	1146	   1	   1	   1	 320	1483	 932	1068	2756	13.6	   0.06
WLVSF30068BGRVPNN	235.000	 344	 366	 519	1146	   1	   1	   1	 320	1478	 940	1067	2756	13.6	   0.06
WLVSF30068BGRVPNN	236.000	 343	 358	 513	1147	   1	   1	   1	 320	1471	 935	1064	2756	13.6	   0.06
WLVSF30068BGRVPNN	237.000	 357	 359	 519	1147	   1	   1	   1	 320	1485	 933	1055	2757	13.6	   0.06
WLVSF30068BGRVPNN	238.000	 352	 353	 514	1147	   1	   1	   1	 320	1471	 925	1055	2754	13.6	   0.06
WLVSF30068BGRVPNN	239.000	 352	 364	 518	1146	   2	   1	   1	 320	1458	 922	1045	2753	13.6	   0.06
WLVSF30068BGRVPNN	240.000	 350	 363	 522	1147	   1	   1	   1	 320	1460	 928	1041	2757	13.6	   0.06
WLVSF30068BGRVPNN	241.000	 349	 359	 522	1146	   1	   1	   1	 320	1450	 927	1045	2752	13.6	   0.06
WLVSF30068BGRVPNN	242.000	 349	 363	 523	1147	   1	   1	   1	 320	1451	 919	1045	2754	13.6	   0.06
WLVSF30068BGRVPNN	243.000	 354	 369	 530	1146	   1	   1	   1	 320	1460	 914	1046	2752	13.6	   0.06
WLVSF30068BGRVPNN	244.000	 349	 367	 531	1146	   1	   1	   1	 320	1460	 920	1059	2753	13.6	   0.06
WLVSF30068BGRVPNN	245.000	 354	 361	 525	1147	   1	   1	   1	 320	1457	 919	1054	2755	13.6	   0.06
WLVSF30068BGRVPNN	246.000	 348	 365	 520	1145	   1	   1	   1	 320	1449	 916	1046	2754	13.6	   0.06
WLVSF30068BGRVPNN	247.000	 349	 358	 517	1147	   1	   1	   1	 320	1460	 917	1043	2757	13.6	   0.06
WLVSF30068BGRVPNN	248.000	 348	 362	 523	1145	   1	   1	   1	 320	1461	 919	1034	2753	13.6	   0.06
WLVSF30068BGRVPNN	249.000	 355	 363	 524	1147	   1	   1	   1	 320	1465	 916	1034	2758	13.6	   0.07
WLVSF30068BGRVPNN	250.000	 359	 366	 525	1146	   1	   1	   1	 320	1486	 917	1042	2755	13.6	   0.06
WLVSF30068BGRVPNN	251.000	 358	 368	 519	1146	   1	   1	   1	 320	1475	 916	1049	2755	13.6	   0.06
WLVSF30068BGRVPNN	252.000	 359	 366	 517	1146	   1	   1	   1	 320	1468	 921	1060	2756	13.6	   0.06
WLVSF30068BGRVPNN	253.000	 360	 368	 523	1147	   1	   1	   1	 320	1477	 923	1058	2757	13.6	   0.06
WLVSF30068BGRVPNN	254.000	 357	 366	 522	1146	   1	   1	   1	 320	1477	 922	1044	2757	13.6	   0.07
WLVSF30068BGRVPNN	255.000	 350	 362	 522	1146	   1	   1	   1	 320	1481	 927	1049	2754	13.6	   0.06
WLVSF30068BGRVPNN	256.000	 346	 356	 520	1145	   2	   1	   1	 320	1483	 933	1046	2754	13.6	   0.06
WLVSF30068BGRVPNN	257.000	 355	 360	 514	1147	   1	   1	   1	 320	1485	 936	1048	2758	13.6	   0.06
WLVSF30068BGRVPNN	258.000	 353	 361	 512	1146	   1	   1	   1	 320	1484	 932	1041	2755	13.6	   0.06
WLVSF30068BGRVPNN	259.000	 346	 363	 520	1147	   1	   1	   1	 320	1476	 924	1046	2758	13.6	   0.06
WLVSF30068BGRVPNN	260.000	 351	 364	 518	1146	   2	   1	   1	 320	1467	 930	1054	2756	13.6	   0.06
WLVSF30068BGRVPNN	261.000	 349	 357	 516	1146	   1	   1	   1	 320	1462	 931	1069	2753	13.6	   0.06
WLVSF30068BGRVPNN	262.000	 349	 357	 517	1145	   1	   1	   1	 320	1458	 932	1059	2754	13.6	   0.06
WLVSF30068BGRVPNN	263.000	 350	 361	 518	1146	   2	   1	   1	 320	1474	 926	1043	2757	13.6	   0.06
WLVSF30068BGRVPNN	264.000	 351	 366	 519	1145	   1	   1	   1	 320	1468	 929	1047	2752	13.6	   0.06
WLVSF30068BGRVPNN	265.000	 346	 359	 520	1146	   1	   1	   1	 320	1479	 929	1045	2757	13.6	   0.06
WLVSF30068BGRVPNN	266.000	 346	 359	 515	1146	   1	   1	   1	 319	1474	 933	1037	2756	13.6	   0.06
WLVSF30068BGRVPNN	267.000	 346	 357	 506	1145	   1	   1	   1	 320	1474	 931	1036	2754	13.6	   0.06
WLVSF30068BGRVPNN	268.000	 356	 359	 505	1146	   2	   1	   1	 320	1487	 936	1041	2757	13.6	   0.06
WLVSF30068BGRVPNN	269.000	 345	 361	 519	1146	   1	   1	   1	 319	1485	 925	1012	2757	13.6	   0.06
WLVSF30068BGRVPNN	270.000	 342	 366	 519	1145	   1	   2	   1	 319	1489	 922	1020	2752	13.6	   0.06
WLVSF30068BGRVPNN	271.000	 345	 357	 523	1145	   1	   1	   1	 319	1482	 925	1016	2753	13.6	   0.06
WLVSF30068BGRVPNN	272.000	 346	 362	 516	1146	   1	   1	   1	 319	1466	 916	1028	2757	13.6	   0.06
WLVSF30068BGRVPNN	273.000	 347	 362	 512	1145	   2	   1	   1	 319	1456	 916	1014	2752	13.6	   0.06
WLVSF30068BGRVPNN	274.000	 344	 363	 518	1146	   2	   1	   1	 319	1451	 910	1012	2758	13.6	   0.06
WLVSF30068BGRVPNN	275.000	 347	 359	 520	1145	   1	   1	   1	 319	1454	 915	1010	2754	13.6	   0.06
WLVSF30068BGRVPNN	276.000	 352	 354	 518	1145	   1	   1	   2	 319	145