WLVSF30068BGRVPNN	595.000	 214	 220	 300	1134	 428	 427	 428	 310	 393	2973	4095	2756	13.6	   0.06
WLVSF30068BGRVPNN	596.000	 205	 222	 297	1134	 428	 428	 428	 310	 388	2974	4095	2759	13.6	   0.06
WLVSF30068BGRVPNN	597.000	 205	 223	 298	1134	 428	 428	 428	 310	 387	2978	4095	2758	13.6	   0.06
WLVSF30068BGRVPNN	598.000	 209	 222	 295	1134	 428	 428	 428	 310	 392	2973	4095	2759	13.6	   0.06
WLVSF30068BGRVPNN	599.000	 206	 225	 296	1134	 428	 428	 427	 310	 390	2972	4095	2759	13.6	   0.07
WLVSF30068BGRVPNN	600.000	 207	 223	 301	1134	 428	 428	 428	 310	 393	2974	4095	2757	13.6	   0.06
WLVSF30068BGRVPNN	601.000	 206	 216	 294	1134	 428	 428	 428	 310	 389	2971	4095	2756	13.6	   0.06
WLVSF30068BGRVPNN	602.000	 208	 219	 300	1135	 428	 428	 428	 310	 395	2974	4095	2755	13.6	   0.06
WLVSF30068BGRVPNN	603.000	 209	 225	 293	1135	 428	 428	 428	 310	 389	2974	4095	2755	13.6	   0.06
WLVSF30068BGRVPNN	604.000	 214	 217	 295	1134	 428	 427	 428	 310	 391	2972	4095	2756	13.6	   0.06
WLVSF30068BGRVPNN	605.000	 205	 218	 300	1134	 428	 428	 428	 310	 391	2971	4095	2758	13.6	   0.06
WLVSF30068BGRVPNN	606.000	 207	 221	 296	1134	 428	 428	 428	 310	 391	2973	4095	2757	13.6	   0.06
WLVSF30068BGRVPNN	607.000	 208	 223	 299	1135	 428	 428	 428	 310	 390	2974	4095	2755	13.6	   0.06
WLVSF30068BGRVPNN	608.000	 208	 218	 298	1135	 428	 428	 427	 310	 390	2971	4095	2754	13.6	   0.06
WLVSF30068BGRVPNN	609.000	 210	 224	 300	1135	 428	 428	 428	 310	 392	2971	4095	2754	13.6	   0.06
WLVSF30068BGRVPNN	610.000	 202	 219	 294	1134	 428	 428	 428	 310	 393	2973	4095	2756	13.6	   0.06
WLVSF30068BGRVPNN	611.000	 211	 214	 296	1135	 427	 428	 428	 310	 395	2972	4095	2754	13.6	   0.06
WLVSF30068BGRVPNN	612.000	 210	 221	 304	1135	 428	 428	 428	 310	 392	2972	4095	2757	13.6	   0.06
WLVSF30068BGRVPNN	613.000	 210	 220	 298	1134	 428	 428	 428	 310	 392	2972	4095	2755	13.6	   0.06
WLVSF30068BGRVPNN	614.000	 204	 225	 299	1134	 428	 428	 428	 310	 390	2973	4095	2758	13.6	   0.06
WLVSF30068BGRVPNN	615.000	 205	 219	 300	1134	 428	 428	 428	 310	 392	2972	4095	2759	13.6	   0.06
WLVSF30068BGRVPNN	616.000	 206	 221	 294	1134	 428	 428	 428	 310	 393	2971	4095	2757	13.6	   0.06
WLVSF30068BGRVPNN	617.000	 205	 227	 296	1134	 428	 428	 428	 310	 392	2971	4095	2758	13.6	   0.06
WLVSF30068BGRVPNN	618.000	 207	 217	 291	1134	 428	 427	 427	 310	 392	2975	4095	2758	13.6	   0.06
WLVSF30068BGRVPNN	619.000	 210	 217	 294	1134	 428	 428	 428	 310	 393	2970	4095	2757	13.6	   0.06
WLVSF30068BGRVPNN	620.000	 208	 222	 293	1134	 428	 428	 427	 310	 395	2974	4095	2759	13.6	   0.07
WLVSF30068BGRVPNN	621.000	 210	 222	 298	1135	 428	 427	 428	 310	 392	2972	4095	2757	13.6	   0.06
WLVSF30068BGRVPNN	622.000	 207	 219	 298	1133	 428	 427	 428	 310	 394	2972	4095	2758	13.6	   0.06
WLVSF30068BGRVPNN	623.000	 208	 220	 301	1134	 428	 428	 428	 310	 393	2974	4095	2756	13.6	   0.06
WLVSF30068BGRVPNN	624.000	 206	 223	 301	1135	 428	 428	 428	 310	 397	2972	4095	2753	13.6	   0.06
WLVSF30068BGRVPNN	625.000	 204	 218	 302	1134	 427	 428	 427	 310	 399	2975	4095	2756	13.6	   0.06
WLVSF30068BGRVPNN	626.000	 205	 223	 290	1134	 428	 428	 428	 310	 396	2975	4095	2754	13.6	   0.06
WLVSF30068BGRVPNN	627.000	 206	 219	 290	1135	 428	 428	 428	 310	 394	2976	4095	2758	13.6	   0.06
WLVSF30068BGRVPNN	628.000	 207	 224	 298	1134	 428	 428	 427	 310	 399	2977	4095	2757	13.6	   0.06
WLVSF30068BGRVPNN	629.000	 208	 215	 299	1134	 428	 428	 427	 310	 404	2979	4095	2756	13.6	   0.06
WLVSF30068BGRVPNN	630.000	 207	 222	 293	1133	 427	 428	 427	 310	 397	2977	4095	2757	13.6	   0.06
WLVSF30068BGRVPNN	631.000	 208	 223	 298	1134	 428	 427	 428	 310	 399	2979	4095	2758	13.6	   0.06
WLVSF30068BGRVPNN	632.000	 208	 227	 300	1134	 428	 428	 427	 310	 397	2975	4095	2758	13.6	   0.06
WLVSF30068BGRVPNN	633.000	 202	 221	 295	1134	 428	 428	 428	 310	 395	2974	4095	2759	13.6	   0.06
WLVSF30068BGRVPNN	634.000	 201	 220	 298	1134	 428	 427	 428	 310	 398	2974	4095	2758	13.6	   0.06
WLVSF30068BGRVPNN	635.000	 205	 221	 292	1133	 428	 427	 427	 310	 395	2974	4095	2757	13.6	   0.06
WLVSF30068BGRVPNN	636.000	 203	 224	 297	1133	 428	 427	 427	 310	 401	2974	4095	2758	13.6	   0.06
WLVSF30068BGRVPNN	637.000	 202	 218	 296	1134	 428	 427	 427	 310	 396	2973	4095	2759	13.6	   0.06
WLVSF30068BGRVPNN	638.000	 207	 215	 292	1134	 427	 428	 428	 310	 398	2974	4095	2759	13.6	   0.06
WLVSF30068BGRVPNN	639.000	 205	 219	 296	1135	 428	 427	 427	 310	 392	2974	4095	2756	13.6	   0.06
WLVSF30068BGRVPNN	640.000	 208	 222	 303	1134	 428	 427	 428	 310	 393	2973	4095	2759	13.6	   0.06
WLVSF30068BGRVPNN	641.000	 208	 213	 294	1135	 427	 427	 427	 310	 395	2975	4095	2754	13.6	   0.06
WLVSF30068BGRVPNN	642.000	 207	 220	 293	1134	 427	 427	 428	 310	 391	2975	4095	2759	13.6	   0.06
WLVSF30068BGRVPNN	643.000	 215	 219	 293	1133	 427	 428	 427	 310	 392	2976	4095	2757	13.6	   0.06
WLVSF30068BGRVPNN	644.000	 208	 223	 293	1134	 427	 428	 428	 310	 396	2976	4095	2759	13.6	   0.06
WLVSF30068BGRVPNN	645.000	 204	 218	 295	1134	 428	 427	 427	 310	 396	2973	4095	2759	13.6	   0.06
WLVSF30068BGRVPNN	646.000	 201	 219	 299	1135	 428	 428	 427	 310	 395	2971	4095	2757	13.6	   0.06
WLVSF30068BGRVPNN	647.000	 207	 219	 298	1134	 427	 427	 427	 310	 393	2975	4095	2759	13.6	   0.06
WLVSF30068BGRVPNN	648.000	 210	 215	 298	1134	 427	 427	 427	 309	 395	2972	4095	2760	13.6	   0.06
WLVSF30068BGRVPNN	649.000	 203	 225	 293	1135	 427	 427	 428	 310	 393	2976	4095	2757	13.6	   0.06
WLVSF30068BGRVPNN	650.000	 212	 221	 299	1134	 427	 427	 427	 310	 393	2974	4095	2758	13.6	   0.06
WLVSF30068BGRVPNN	651.000	 207	 221	 290	1135	 428	 427	 428	 310	 394	2974	4095	2758	13.6	   0.06
WLVSF30068BGRVPNN	652.000	 205	 220	 292	1135	 427	 428	 427	 309	 394	2970	4095	2759	13.6	   0.07
WLVSF30068BGRVPNN	653.000	 204	 221	 299	1134	 427	 427	 427	 310	 391	2974	4095	2756	13.6	   0.07
WLVSF30068BGRVPNN	654.000	 207	 218	 295	1134	 427	 427	 427	 310	 393	2974	4095	2756	13.6	   0.06
WLVSF30068BGRVPNN	655.000	 211	 217	 294	1133	 427	 427	 427	 310	 395	2975	4095	2756	13.6	   0.06
WLVSF30068BGRVPNN	656.000	 213	 223	 302	1134	 427	 427	 427	 310	 392	2972	4095	2756	13.6	   0.06
WLVSF30068BGRVPNN	657.000	 206	 219	 293	1133	 427	 427	 427	 310	 393	2973	4095	2756	13.6	   0.06
WLVSF30068BGRVPNN	658.000	 203	 220	 295	1133	 427	 427	 427	 310	 394	2974	4095	2757	13.6	   0.06
WLVSF30068BGRVPNN	659.000	 212	 225	 292	1134	 427	 427	 427	 310	 395	2971	4095	2760	13.6	   0.06
WLVSF30068BGRVPNN	660.000	 203	 221	 293	1134	 427	 427	 428	 309	 393	2974	4095	2759	13.6	   0.06
WLVSF30068BGRVPNN	661.000	 207	 216	 304	1135	 427	 427	 427	 309	 392	2977	4095	2758	13.6	   0.06
WLVSF30068BGRVPNN	662.000	 201	 223	 302	1134	 427	 427	 427	 310	 393	2977	4095	2759	13.6	   0.06
WLVSF30068BGRVPNN	663.000	 208	 222	 292	1135	 428	 427	 427	 309	 391	2974	4095	2758	13.6	   0.06
WLVSF30068BGRVPNN	664.000	 206	 223	 297	1134	 427	 427	 427	 310	 396	2970	4095	2759	13.6	   0.06
WLVSF30068BGRVPNN	665.000	 205	 218	 293	1134	 427	 427	 427	 309	 390	2970	4095	2758	13.6	   0.06
WLVSF30068BGRVPNN	666.000	 205	 218	 300	1133	 427	 427	 427	 309	 395	2975	4095	2756	13.6	   0.06
WLVSF30068BGRVPNN	667.000	 209	 222	 297	1133	 427	 427	 427	 309	 393	2972	4095	2756	13.6	   0.06
WLVSF30068BGRVPNN	668.000	 207	 219	 295	1134	 427	 427	 428	 309	 393	2974	4095	2756	13.6	   0.06
WLVSF30068BGRVPNN	669.000	 208	 222	 294	1133	 427	 427	 427	 309	 394	2974	4095	2755	13.6	   0.06
WLVSF30068BGRVPNN	670.000	 201	 227	 295	1134	 427	 427	 427	 310	 393	2977	4095	2756	13.6	   0.06
WLVSF30068BGRVPNN	671.000	 212	 220	 291	1134	 427	 427	 427	 309	 392	2975	4095	2756	13.6	   0.06
WLVSF30068BGRVPNN	672.000	 203	 215	 297	1134	 427	 427	 427	 309	 394	2980	4095	2757	13.6	   0.06
WLVSF30068BGRVPNN	673.000	 213	 220	 290	1134	 427	 427	 427	 310	 392	2978	4095	2754	13.6	   0.06
WLVSF30068BGRVPNN	674.000	 209	 223	 299	1134	 427	 427	 427	 309	 392	2978	4095	2754	13.6	   0.06
WLVSF30068BGRVPNN	675.000	 204	 222	 296	1135	 427	 427	 427	 309	 393	2975	4095	2757	13.6	   0.06
WLVSF30068BGRVPNN	676.000	 209	 220	 295	1135	 427	 427	 427	 309	 389	2977	4095	2759	13.6	   0.06
WLVSF30068BGRVPNN	677.000	 208	 220	 288	1134	 427	 427	 427	 309	 398	2983	4095	2759	13.6	   0.06
WLVSF30068BGRVPNN	678.000	 216	 218	 292	1135	 427	 427	 427	 309	 393	2981	4095	2759	13.6	   0.06
WLVSF30068BGRVPNN	679.000	 202	 222	 294	1135	 427	 427	 427	 309	 396	2978	4095	2754	13.6	   0.06
