WLVSF30068BGRVPNN	305.000	 184	 242	3064	1272	   2	   1	   1	 318	 193	 210	 492	2753	13.6	   0.07
WLVSF30068BGRVPNN	306.000	 190	 243	3062	1274	   2	   1	   2	 318	 194	 208	 496	2758	13.6	   0.06
WLVSF30068BGRVPNN	307.000	 182	 245	3067	1274	   2	   2	   1	 317	 190	 210	 499	2755	13.6	   0.06
WLVSF30068BGRVPNN	308.000	 187	 251	3076	1273	   2	   1	   1	 318	 194	 211	 495	2754	13.6	   0.07
WLVSF30068BGRVPNN	309.000	 186	 245	3069	1273	   2	   1	   2	 317	 199	 215	 499	2756	13.6	   0.06
WLVSF30068BGRVPNN	310.000	 191	 248	3059	1273	   2	   1	   1	 317	 199	 217	 522	2754	13.6	   0.06
WLVSF30068BGRVPNN	311.000	 187	 243	3071	1274	   2	   1	   1	 317	 198	 241	 548	2758	13.6	   0.06
WLVSF30068BGRVPNN	312.000	 185	 248	3073	1272	   2	   1	   1	 317	 197	 243	 520	2752	13.6	   0.06
WLVSF30068BGRVPNN	313.000	 186	 250	3066	1274	   1	   1	   1	 317	 198	 239	 503	2756	13.6	   0.06
WLVSF30068BGRVPNN	314.000	 186	 247	3068	1272	   2	   1	   2	 317	 199	 221	 496	2752	13.6	   0.06
WLVSF30068BGRVPNN	315.000	 185	 247	3069	1274	   2	   1	   2	 317	 195	 215	 497	2755	13.6	   0.06
WLVSF30068BGRVPNN	316.000	 183	 247	3065	1272	   2	   2	   2	 317	 199	 213	 497	2753	13.6	   0.06
WLVSF30068BGRVPNN	317.000	 184	 242	3069	1273	   2	   2	   1	 317	 199	 210	 497	2754	13.6	   0.06
WLVSF30068BGRVPNN	318.000	 184	 243	3076	1274	   1	   1	   2	 317	 197	 213	 499	2756	13.6	   0.06
WLVSF30068BGRVPNN	319.000	 187	 251	3076	1272	   2	   1	   1	 317	 197	 212	 498	2756	13.6	   0.06
WLVSF30068BGRVPNN	320.000	 190	 244	3068	1273	   2	   2	   1	 317	 197	 210	 499	2754	13.6	   0.06
WLVSF30068BGRVPNN	321.000	 182	 252	3071	1274	   2	   1	   2	 317	 192	 208	 494	2755	13.6	   0.07
WLVSF30068BGRVPNN	322.000	 187	 245	3065	1272	   2	   1	   1	 317	 194	 213	 495	2752	13.6	   0.07
WLVSF30068BGRVPNN	323.000	 191	 246	3065	1272	   1	   1	   1	 317	 198	 211	 494	2752	13.6	   0.06
WLVSF30068BGRVPNN	324.000	 188	 247	3070	1272	   1	   1	   1	 317	 200	 213	 494	2752	13.6	   0.07
WLVSF30068BGRVPNN	325.000	 189	 247	3074	1273	   2	   1	   1	 317	 197	 212	 491	2755	13.6	   0.06
WLVSF30068BGRVPNN	326.000	 185	 243	3063	1274	   2	   2	   1	 317	 198	 210	 495	2756	13.6	   0.06
WLVSF30068BGRVPNN	327.000	 182	 246	3067	1272	   2	   2	   1	 317	 197	 211	 495	2752	13.6	   0.06
WLVSF30068BGRVPNN	328.000	 189	 244	3067	1273	   2	   2	   2	 317	 199	 209	 496	2753	13.6	   0.06
WLVSF30068BGRVPNN	329.000	 182	 250	3072	1272	   2	   2	   1	 317	 194	 209	 494	2754	13.6	   0.06
WLVSF30068BGRVPNN	330.000	 184	 247	3069	1274	   1	   2	   2	 317	 195	 207	 497	2758	13.6	   0.06
WLVSF30068BGRVPNN	331.000	 185	 248	3068	1274	   2	   2	   2	 317	 194	 212	 498	2756	13.6	   0.06
WLVSF30068BGRVPNN	332.000	 184	 248	3074	1273	   2	   1	   1	 317	 194	 212	 495	2754	13.6	   0.06
WLVSF30068BGRVPNN	333.000	 191	 246	3073	1273	   2	   2	   1	 317	 194	 209	 493	2756	13.6	   0.06
WLVSF30068BGRVPNN	334.000	 184	 250	3080	1272	   2	   2	   1	 317	 197	 211	 493	2756	13.6	   0.06
WLVSF30068BGRVPNN	335.000	 182	 247	3076	1272	   2	   2	   1	 317	 197	 212	 490	2756	13.6	   0.06
WLVSF30068BGRVPNN	336.000	 185	 245	3072	1272	   1	   2	   2	 317	 196	 208	 494	2753	13.6	   0.06
WLVSF30068BGRVPNN	337.000	 186	 250	3083	1272	   2	   1	   2	 317	 195	 207	 492	2752	13.6	   0.06
WLVSF30068BGRVPNN	338.000	 186	 249	3068	1273	   2	   2	   2	 317	 194	 209	 494	2758	13.6	   0.06
WLVSF30068BGRVPNN	339.000	 183	 246	3094	1274	   2	   1	   2	 317	 197	 212	 494	2755	13.6	   0.06
WLVSF30068BGRVPNN	340.000	 188	 244	3071	1272	   2	   2	   1	 317	 192	 209	 490	2754	13.6	   0.06
WLVSF30068BGRVPNN	341.000	 189	 244	3072	1272	   2	   1	   2	 317	 196	 211	 492	2757	13.6	   0.06
WLVSF30068BGRVPNN	342.000	 189	 246	3070	1272	   2	   2	   1	 317	 197	 207	 494	2754	13.6	   0.07
WLVSF30068BGRVPNN	343.000	 187	 252	3069	1273	   2	   2	   1	 317	 193	 204	 494	2754	13.6	   0.06
WLVSF30068BGRVPNN	344.000	 189	 243	3074	1272	   2	   2	   2	 317	 193	 210	 494	2757	13.6	   0.06
WLVSF30068BGRVPNN	345.000	 186	 252	3077	1272	   2	   1	   1	 317	 188	 207	 497	2758	13.6	   0.06
WLVSF30068BGRVPNN	346.000	 181	 243	3072	1273	   2	   2	   1	 317	 194	 211	 498	2758	13.6	   0.06
WLVSF30068BGRVPNN	347.000	 186	 249	3073	1273	   2	   1	   1	 317	 193	 209	 496	2755	13.6	   0.06
WLVSF30068BGRVPNN	348.000	 188	 247	3070	1272	   2	   2	   2	 317	 193	 208	 493	2754	13.6	   0.06
WLVSF30068BGRVPNN	349.000	 185	 249	3078	1272	   2	   2	   1	 317	 197	 206	 495	2757	13.6	   0.06
WLVSF30068BGRVPNN	350.000	 183	 249	3079	1272	   2	   2	   2	 317	 192	 205	 494	2757	13.6	   0.06
WLVSF30068BGRVPNN	351.000	 188	 247	3080	1273	   2	   2	   2	 317	 191	 209	 498	2757	13.6	   0.06
WLVSF30068BGRVPNN	352.000	 187	 247	3078	1272	   2	   1	   2	 317	 193	 213	 496	2752	13.6	   0.06
WLVSF30068BGRVPNN	353.000	 185	 249	3076	1273	   2	   2	   1	 317	 193	 211	 496	2754	13.6	   0.06
WLVSF30068BGRVPNN	354.000	 182	 247	3070	1272	   2	   2	   2	 317	 193	 215	 494	2758	13.6	   0.06
WLVSF30068BGRVPNN	355.000	 182	 249	3070	1273	   2	   1	   1	 316	 197	 209	 494	2756	13.6	   0.06
WLVSF30068BGRVPNN	356.000	 180	 250	3077	1273	   2	   1	   2	 316	 195	 212	 491	2754	13.6	   0.06
WLVSF30068BGRVPNN	357.000	 187	 250	3069	1272	   2	   2	   2	 317	 195	 207	 489	2752	13.6	   0.06
WLVSF30068BGRVPNN	358.000	 185	 249	3069	1272	   2	   1	   1	 317	 195	 212	 492	2756	13.6	   0.06
WLVSF30068BGRVPNN	359.000	 185	 247	3077	1272	   2	   2	   1	 316	 194	 207	 496	2757	13.6	   0.06
WLVSF30068BGRVPNN	360.000	 181	 249	3074	1273	   2	   1	   2	 316	 195	 210	 496	2756	13.6	   0.06
WLVSF30068BGRVPNN	361.000	 185	 251	3071	1273	   2	   2	   2	 316	 194	 211	 498	2755	13.6	   0.06
WLVSF30068BGRVPNN	362.000	 181	 255	3075	1272	   2	   1	   2	 316	 196	 213	 498	2758	13.6	   0.06
WLVSF30068BGRVPNN	363.000	 184	 253	3078	1271	   2	   1	   2	 316	 193	 212	 496	2755	13.6	   0.06
WLVSF30068BGRVPNN	364.000	 182	 249	3088	1272	   2	   2	   2	 316	 195	 210	 497	2752	13.6	   0.06
WLVSF30068BGRVPNN	365.000	 180	 242	3087	1272	   2	   2	   2	 316	 197	 210	 492	2752	13.6	   0.06
WLVSF30068BGRVPNN	366.000	 188	 246	3079	1271	   2	   2	   2	 316	 195	 212	 493	2752	13.6	   0.06
WLVSF30068BGRVPNN	367.000	 188	 247	3086	1271	   2	   2	   2	 316	 196	 215	 494	2756	13.6	   0.06
WLVSF30068BGRVPNN	368.000	 188	 241	3082	1273	   2	   2	   2	 316	 198	 212	 493	2754	13.6	   0.06
WLVSF30068BGRVPNN	369.000	 185	 252	3075	1273	   2	   2	   2	 316	 198	 213	 497	2752	13.6	   0.07
WLVSF30068BGRVPNN	370.000	 182	 236	3079	1271	   2	   1	   2	 316	 200	 212	 494	2753	13.6	   0.06
WLVSF30068BGRVPNN	371.000	 185	 247	3083	1271	   2	   2	   2	 316	 198	 211	 496	2757	13.6	   0.06
WLVSF30068BGRVPNN	372.000	 182	 245	3075	1271	   2	   2	   2	 316	 199	 213	 494	2758	13.6	   0.06
WLVSF30068BGRVPNN	373.000	 183	 243	3083	1272	   2	   2	   2	 316	 200	 209	 496	2756	13.6	   0.07
WLVSF30068BGRVPNN	374.000	 183	 248	3074	1271	   2	   2	   2	 316	 194	 210	 497	2752	13.6	   0.06
WLVSF30068BGRVPNN	375.000	 186	 248	3078	1272	   2	   2	   1	 316	 194	 214	 495	2752	13.6	   0.07
WLVSF30068BGRVPNN	376.000	 180	 242	3081	1271	   2	   1	   2	 316	 191	 208	 495	2753	13.6	   0.06
WLVSF30068BGRVPNN	377.000	 182	 246	3077	1271	   2	   2	   2	 316	 194	 212	 493	2754	13.6	   0.06
WLVSF30068BGRVPNN	378.000	 188	 244	3080	1271	   2	   2	   1	 316	 196	 210	 497	2754	13.6	   0.06
WLVSF30068BGRVPNN	379.000	 183	 241	3077	1271	   2	   2	   1	 316	 195	 212	 493	2757	13.6	   0.06
WLVSF30068BGRVPNN	380.000	 185	 244	3081	1271	   2	   1	   2	 316	 194	 210	 496	2758	13.6	   0.06
WLVSF30068BGRVPNN	381.000	 185	 251	3090	1271	   2	   2	   1	 316	 194	 207	 497	2758	1