WLVSF30068BGRVPNN	3014.000	 197	 198	 260	1127	   2	   2	   2	   1	 517	 329	1049	2754	13.6	   0.06
WLVSF30068BGRVPNN	3015.000	 190	 199	 263	1127	   2	   2	   2	   1	 278	 309	1041	2756	13.6	   0.06
WLVSF30068BGRVPNN	3016.000	 188	 195	 256	1128	   2	   2	   2	   1	 280	 312	1041	2760	13.6	   0.07
WLVSF30068BGRVPNN	3017.000	 190	 194	 254	1128	   2	   2	   2	   1	 279	 309	1045	2759	13.6	   0.06
WLVSF30068BGRVPNN	3018.000	 187	 200	 255	1127	   2	   2	   2	   1	 282	 312	1047	2754	13.6	   0.06
WLVSF30068BGRVPNN	3019.000	 193	 198	 257	1127	   2	   2	   2	   1	 281	 308	1046	2756	13.6	   0.06
WLVSF30068BGRVPNN	3020.000	 189	 198	 261	1128	   2	   2	   2	   1	 282	 309	1045	2758	13.6	   0.06
WLVSF30068BGRVPNN	3021.000	 191	 190	 255	1128	   2	   2	   2	   1	 285	 310	1045	2754	13.6	   0.06
WLVSF30068BGRVPNN	3022.000	 190	 193	 256	1128	   2	   2	   2	   1	 281	 311	1045	2760	13.6	   0.06
WLVSF30068BGRVPNN	3023.000	 189	 197	 259	1127	   2	   2	   2	   1	 280	 308	1050	2755	13.6	   0.06
WLVSF30068BGRVPNN	3024.000	 190	 197	 262	1128	   2	   2	   2	   1	 285	 311	1049	2759	13.6	   0.06
WLVSF30068BGRVPNN	3025.000	 196	 190	 265	1128	   2	   2	   2	   1	 284	 309	1048	2755	13.6	   0.06
WLVSF30068BGRVPNN	3026.000	 186	 195	 259	1128	   2	   2	   2	   1	 283	 311	1049	2760	13.6	   0.06
WLVSF30068BGRVPNN	3027.000	 190	 194	 262	1128	   2	   2	   2	   1	 284	 312	1050	2755	13.6	   0.06
WLVSF30068BGRVPNN	3028.000	 190	 198	 259	1127	   2	   2	   2	   1	 285	 317	1049	2756	13.6	   0.06
WLVSF30068BGRVPNN	3029.000	 187	 198	 257	1128	   2	   2	   2	   1	 289	 316	1051	2760	13.6	   0.06
WLVSF30068BGRVPNN	3030.000	 188	 197	 257	1128	   2	   2	   2	   1	 284	 311	1048	2754	13.6	   0.06
WLVSF30068BGRVPNN	3031.000	 194	 193	 257	1128	   2	   2	   2	   1	 290	 307	1050	2758	13.6	   0.07
WLVSF30068BGRVPNN	3032.000	 185	 193	 252	1128	   2	   2	   2	   1	 286	 312	1047	2755	13.6	   0.06
WLVSF30068BGRVPNN	3033.000	 188	 194	 255	1128	   2	   2	   2	   1	 284	 310	1048	2758	13.6	   0.06
WLVSF30068BGRVPNN	3034.000	 188	 193	 261	1127	   2	   2	   2	   1	 280	 311	1046	2754	13.6	   0.06
WLVSF30068BGRVPNN	3035.000	 185	 200	 253	1128	   2	   2	   2	   1	 284	 312	1048	2760	13.6	   0.06
WLVSF30068BGRVPNN	3036.000	 187	 195	 261	1127	   2	   2	   2	   1	 285	 310	1044	2756	13.6	   0.06
WLVSF30068BGRVPNN	3037.000	 187	 191	 249	1127	   2	   2	   2	   1	 282	 306	1047	2756	13.6	   0.06
WLVSF30068BGRVPNN	3038.000	 194	 193	 258	1127	   2	   2	   2	   1	 282	 308	1051	2754	13.6	   0.06
WLVSF30068BGRVPNN	3039.000	 191	 200	 262	1128	   2	   1	   2	   1	 281	 312	1049	2759	13.6	   0.06
WLVSF30068BGRVPNN	3040.000	 189	 196	 270	1128	   2	   2	   2	   1	 285	 313	1049	2760	13.6	   0.06
WLVSF30068BGRVPNN	3041.000	 185	 195	 259	1129	   2	   2	   2	   1	 282	 310	1051	2760	13.6	   0.06
WLVSF30068BGRVPNN	3042.000	 191	 203	 254	1128	   2	   2	   2	   1	 282	 311	1045	2759	13.6	   0.06
WLVSF30068BGRVPNN	3043.000	 189	 197	 258	1128	   2	   2	   2	   1	 280	 308	1047	2757	13.6	   0.06
WLVSF30068BGRVPNN	3044.000	 187	 192	 258	1127	   2	   2	   2	   1	 279	 308	1047	2756	13.6	   0.06
WLVSF30068BGRVPNN	3045.000	 191	 192	 258	1128	   2	   2	   2	   1	 278	 307	1048	2760	13.6	   0.06
WLVSF30068BGRVPNN	3046.000	 184	 190	 254	1128	   2	   2	   2	   1	 282	 312	1047	2755	13.6	   0.06
WLVSF30068BGRVPNN	3047.000	 190	 192	 255	1128	   2	   2	   2	   1	 281	 313	1050	2756	13.6	   0.06
WLVSF30068BGRVPNN	3048.000	 193	 199	 255	1129	   2	   2	   2	   1	 282	 311	1052	2760	13.6	   0.06
WLVSF30068BGRVPNN	3049.000	 192	 197	 260	1127	   2	   2	   2	   1	 285	 312	1051	2754	13.6	   0.06
WLVSF30068BGRVPNN	3050.000	 188	 195	 257	1128	   2	   2	   2	   1	 285	 312	1049	2760	13.6	   0.06
WLVSF30068BGRVPNN	3051.000	 191	 199	 256	1127	   2	   2	   2	   1	 282	 313	1049	2756	13.6	   0.06
WLVSF30068BGRVPNN	3052.000	 187	 197	 257	1127	   2	   2	   2	   1	 287	 313	1049	2756	13.6	   0.06
WLVSF30068BGRVPNN	3053.000	 188	 193	 256	1127	   2	   2	   2	   1	 286	 312	1051	2756	13.6	   0.06
WLVSF30068BGRVPNN	3054.000	 189	 194	 259	1127	   2	   2	   2	   1	 284	 312	1051	2754	13.6	   0.06
WLVSF30068BGRVPNN	3055.000	 196	 194	 258	1128	   2	   2	   2	   1	 283	 312	1053	2758	13.6	   0.06
WLVSF30068BGRVPNN	3056.000	 188	 204	 259	1128	   2	   2	   2	   1	 288	 313	1053	2759	13.6	   0.06
WLVSF30068BGRVPNN	3057.000	 188	 200	 259	1128	   2	   2	   2	   1	 289	 312	1053	2754	13.6	   0.06
WLVSF30068BGRVPNN	3058.000	 186	 197	 250	1128	   2	   2	   2	   1	 287	 316	1051	2759	13.6	   0.06
WLVSF30068BGRVPNN	3059.000	 193	 195	 259	1128	   2	   2	   2	   1	 283	 313	1050	2760	13.6	   0.07
WLVSF30068BGRVPNN	3060.000	 190	 192	 261	1129	   2	   2	   2	   1	 283	 312	1052	2760	13.6	   0.06
WLVSF30068BGRVPNN	3061.000	 186	 192	 258	1128	   2	   2	   2	   1	 279	 310	1051	2757	13.6	   0.06
WLVSF30068BGRVPNN	3062.000	 186	 194	 258	1127	   2	   2	   2	   1	 280	 309	1051	2756	13.6	   0.06
WLVSF30068BGRVPNN	3063.000	 186	 192	 257	1129	   2	   2	   2	   1	 281	 309	1050	2759	13.6	   0.06
WLVSF30068BGRVPNN	3064.000	 191	 196	 258	1127	   2	   2	   2	   1	 285	 310	1046	2754	13.6	   0.06
WLVSF30068BGRVPNN	3065.000	 192	 197	 262	1128	   2	   2	   2	   1	 284	 311	1052	2757	13.6	   0.06
WLVSF30068BGRVPNN	3066.000	 192	 195	 259	1129	   2	   2	   2	   1	 283	 311	1049	2760	13.6	   0.06
WLVSF30068BGRVPNN	3067.000	 193	 199	 259	1128	   2	   2	   2	   1	 283	 313	1048	2758	13.6	   0.06
WLVSF30068BGRVPNN	3068.000	 195	 199	 259	1127	   2	   2	   2	   1	 283	 313	1047	2756	13.6	   0.06
WLVSF30068BGRVPNN	3069.000	 192	 193	 259	1127	   2	   2	   2	   1	 282	 308	1051	2754	13.6	   0.06
WLVSF30068BGRVPNN	3070.000	 192	 198	 259	1129	   2	   2	   2	   1	 278	 310	1052	2760	13.6	   0.06
WLVSF30068BGRVPNN	3071.000	 189	 190	 256	1128	   2	   2	   2	   1	 283	 311	1053	2755	13.6	   0.07
WLVSF30068BGRVPNN	3072.000	 193	 193	 262	1127	   2	   2	   2	   1	 276	 309	1050	2756	13.6	   0.06
WLVSF30068BGRVPNN	3073.000	 189	 194	 260	1128	   2	   2	   2	   1	 275	 313	1052	2756	13.6	   0.06
WLVSF30068BGRVPNN	3074.000	 186	 194	 266	1129	   2	   2	   2	   1	 276	 315	1052	2760	13.6	   0.07
WLVSF30068BGRVPNN	3075.000	 191	 195	 263	1127	   2	   2	   2	   1	 279	 311	1051	2756	13.6	   0.06
WLVSF30068BGRVPNN	3076.000	 187	 197	 266	1127	   2	   2	   2	   1	 278	 314	1055	2754	13.6	   0.06
WLVSF30068BGRVPNN	3077.000	 190	 194	 260	1129	   2	   2	   2	   1	 279	 314	1050	2760	13.6	   0.06
WLVSF30068BGRVPNN	3078.000	 189	 195	 265	1128	   2	   2	   2	   1	 282	 313	1052	2758	13.6	   0.06
WLVSF30068BGRVPNN	3079.000	 189	 198	 261	1129	   2	   2	   2	   1	 279	 312	1050	2757	13.6	   0.06
WLVSF30068BGRVPNN	3080.000	 193	 200	 264	1128	   2	   2	   2	   1	 281	 313	1052	2754	13.6	   0.06
WLVSF30068BGRVPNN	3081.000	 191	 201	 260	1128	   2	   2	   2	   1	 282	 311	1051	2756	13.6	   0.06
WLVSF30068BGRVPNN	3082.000	 194	 201	 261	1127	   2	   2	   2	   1	 279	 312	1052	2754	13.6	   0.06
WLVSF30068BGRVPNN	3083.000	 193	 197	 263	1127	   2	   2	   2	   1	 278	 314	1050	2754	13.6	   0.06
WLVSF30068BGRVPNN	3084.000	 192	 208	 263	1127	   2	   2	   2	   1	 280	 314	1055	2756	13.6	   0.06
WLVSF30068BGRVPNN	3085.000	 188	 198	 260	1128	   2	   2	   2	   1	 280	 316	1054	2760	13.6	   0.06
WLVSF30068BGRVPNN	3086.000	 189	 202	 260	1127	   2	   2	   2	   1	 280	 311	1052	2757	13.6	   0.07
WLVSF30068BGRVPNN	3087.000	 191	 193	 258	1127	   2	   2	   2	   1	 278	 313	1049	2755	13.6	   0.06
WLVSF30068BGRVPNN	3088.000	 193	 198	 259	1128	   2	   2	   2	   1	 280	 314	1054	2760	13.6	   0.06
WLVSF30068BGRVPNN	3089.000	 194	 190	 256	1128	   2	   2	   2	   1	 276	 312	1053	2759	13.6	   0.06
WLVSF30068BGRVPNN	3090.000	 190	 194	 263	1128	   2	   2	   2	   1	 277	 314	1053	2757	13.6	   0.06
WLVSF30068BGRVPNN	3091.000	 191	 199	 263	1128	   2	   2	   2	   1	 280	 314	1050	2756	13.6	   0.06
WLVSF30068BGRVPNN	3092.000	 196	 198	 260	1128	   2	   2	   2	   1	 279	 314	1052	2759	13.6	   0.06
WLVSF30068BGRVPNN	3093.000	 193	 197	 257	1127	   2	   2	   2	   1	 282	 315	1052	2755	13.6	   0.06
WLVSF30068BGRVPNN	3094.000	 190	 196	 260	1128	   2	   2	   2	   1	 279	 317	1053	2760	13.6	   0.06
WLVSF30068BGRVPNN	3095.000	 190	 193	 265	1128	   2	   2	   2	   1	 281	 318	1055	2758	13.6	   0.06
WLVSF30068BGRVPNN	3096.000	 195	 199	 264	1128	   2	   2	   2	   1	 283	 314	1054	2759	13.6	   0.06
WLVSF30068BGRVPNN	3097.000	 192	 193	 262	1127	   2	   2	   2	   1	 278	 313	1053	2754	13.6	   0.06
WLVSF30068BGRVPNN	3098.000	 190	 197	 263	1129	   2	   2	   2	   1	 280	 314	1053	2759	13.6	   0.06
WLVSF30068BGRVPNN	3099.000	 192	 197	 267	1128	   2	   2	   2	   1	 283	 317	1054	2759	13.6	   0.06
WLVSF30068BGRVPNN	3100.000	 188	 195	 260	1127	   2	   2	   2	   1	 283	 314	1057	2754	13.6	   0.06
WLVSF30068BGRVPNN	3101.000	 191	 195	 259	1129	   2	   2	   2	   1	 281	 314	1058	2758	13.6	   0.06
WLVSF30068BGRVPNN	3102.000	 193	 199	 261	1128	   2	   2	   2	   1	 280	 317	1059	2760	13.6	   0.06
	 