MQ-01P0Z, Time, 2017/07/12 05:15:32
MQ-01P0Z, Operator, Smith 
MQ-01P0Z, Lamp, 255 
MQ-01P0Z, Slit,0.0  
MQ-01P0Z, Scan From, 850.0nm
MQ-01P0Z, Scan To, 390.0nm
MQ-01P0Z, Scan Step, 1.0nm
MQ-01P0Z, Sample Filter, 11
MQ-01P0Z, memo,  
MQ-01P0Z, WL(nm), Abs, T%
MQ-01P0Z, 390.0, -0.0001, 100.02
MQ-01P0Z, 391.0, -0.0002, 100.04
MQ-01P0Z, 392.0, -0.0002, 100.04
MQ-01P0Z, 393.0, -0.0001, 100.03
MQ-01P0Z, 394.0, -0.0001, 100.03
MQ-01P0Z, 395.0, -0.0001, 100.03
MQ-01P0Z, 396.0, -0.0001, 100.03
MQ-01P0Z, 397.0, -0.0001, 100.01
MQ-01P0Z, 398.0, -0.0002, 100.04
MQ-01P0Z, 399.0, -0.0002, 100.03
MQ-01P0Z, 400.0, -0.0001, 100.01
MQ-01P0Z, 401.0, -0.0001, 100.03
MQ-01P0Z, 402.0, -0.0001, 100.03
MQ-01P0Z, 403.0, -0.0001, 100.03
MQ-01P0Z, 404.0, -0.0002, 100.04
MQ-01P0Z, 405.0, -0.0001, 100.02
MQ-01P0Z, 406.0, -0.0002, 100.04
MQ-01P0Z, 407.0, -0.0002, 100.05
MQ-01P0Z, 408.0, -0.0002, 100.04
MQ-01P0Z, 409.0, -0.0002, 100.04
MQ-01P0Z, 410.0, -0.0002, 100.04
MQ-01P0Z, 411.0, -0.0002, 100.04
MQ-01P0Z, 412.0, -0.0002, 100.04
MQ-01P0Z, 413.0, -0.0002, 100.05
MQ-01P0Z, 414.0, -0.0002, 100.04
MQ-01P0Z, 415.0, -0.0002, 100.04
MQ-01P0Z, 416.0, -0.0002, 100.05
MQ-01P0Z, 417.0, -0.0002, 100.05
MQ-01P0Z, 418.0, -0.0002, 100.04
MQ-01P0Z, 419.0, -0.0001, 100.03
MQ-01P0Z, 420.0, -0.0001, 100.03
MQ-01P0Z, 421.0, -0.0002, 100.04
MQ-01P0Z, 422.0, -0.0001, 100.02
MQ-01P0Z, 423.0, -0.0002, 100.04
MQ-01P0Z, 424.0, -0.0001, 100.03
MQ-01P0Z, 425.0, -0.0001, 100.03
MQ-01P0Z, 426.0, -0.0001, 100.03
MQ-01P0Z, 427.0, -0.0001, 100.03
MQ-01P0Z, 428.0, -0.0001, 100.03
MQ-01P0Z, 429.0, -0.0001, 100.03
MQ-01P0Z, 430.0, -0.0002, 100.05
MQ-01P0Z, 431.0, -0.0002, 100.05
MQ-01P0Z, 432.0, -0.0002, 100.05
MQ-01P0Z, 433.0, -0.0003, 100.06
MQ-01P0Z, 434.0, -0.0003, 100.07
MQ-01P0Z, 435.0, -0.0003, 100.07
MQ-01P0Z, 436.0, -0.0003, 100.07
MQ-01P0Z, 437.0, -0.0002, 100.06
MQ-01P0Z, 438.0, -0.0003, 100.06
MQ-01P0Z, 439.0, -0.0002, 100.05
MQ-01P0Z, 440.0, -0.0002, 100.06
MQ-01P0Z, 441.0, -0.0002, 100.04
MQ-01P0Z, 442.0, -0.0002, 100.05
MQ-01P0Z, 443.0, -0.0002, 100.05
MQ-01P0Z, 444.0, -0.0002, 100.05
MQ-01P0Z, 445.0, -0.0001, 100.03
MQ-01P0Z, 446.0, -0.0002, 100.04
MQ-01P0Z, 447.0, -0.0002, 100.04
MQ-01P0Z, 448.0, -0.0002, 100.05
MQ-01P0Z, 449.0, -0.0003, 100.06
MQ-01P0Z, 450.0, -0.0003, 100.06
MQ-01P0Z, 451.0, -0.0001, 100.03
MQ-01P0Z, 452.0, -0.0001, 100.02
MQ-01P0Z, 453.0, -0.0002, 100.05
MQ-01P0Z, 454.0, -0.0001, 100.03
MQ-01P0Z, 455.0, -0.0002, 100.05
MQ-01P0Z, 456.0, -0.0001, 100.03
MQ-01P0Z, 457.0, -0.0002, 100.04
MQ-01P0Z, 458.0, -0.0002, 100.04
MQ-01P0Z, 459.0, -0.0001, 100.03
MQ-01P0Z, 460.0, -0.0002, 100.04
MQ-01P0Z, 461.0, -0.0001, 100.03
MQ-01P0Z, 462.0, -0.0001, 100.03
MQ-01P0Z, 463.0, -0.0001, 100.03
MQ-01P0Z, 464.0, -0.0001, 100.02
MQ-01P0Z, 465.0, -0.0001, 100.03
MQ-01P0Z, 466.0, -0.0001, 100.02
MQ-01P0Z, 467.0, -0.0001, 100.03
MQ-01P0Z, 468.0, -0.0001, 100.02
MQ-01P0Z, 469.0, -0.0000, 100.00
MQ-01P0Z, 470.0, -0.0001, 100.03
MQ-01P0Z, 471.0, -0.0001, 100.03
MQ-01P0Z, 472.0, -0.0001, 100.03
MQ-01P0Z, 473.0, -0.0002, 100.04
MQ-01P0Z, 474.0, -0.0001, 100.03
MQ-01P0Z, 475.0, -0.0002, 100.04
MQ-01P0Z, 476.0, -0.0001, 100.03
MQ-01P0Z, 477.0, -0.0001, 100.03
MQ-01P0Z, 478.0, -0.0001, 100.03
MQ-01P0Z, 479.0, -0.0001, 100.02
MQ-01P0Z, 480.0, -0.0002, 100.04
MQ-01P0Z, 481.0, -0.0001, 100.03
MQ-01P0Z, 482.0, -0.0001, 100.03
MQ-01P0Z, 483.0, -0.0001, 100.03
MQ-01P0Z, 484.0, -0.0001, 100.02
MQ-01P0Z, 485.0, -0.0001, 100.03
MQ-01P0Z, 486.0, -0.0001, 100.03
MQ-01P0Z, 487.0, -0.0001, 100.03
MQ-01P0Z, 488.0, -0.0001, 100.02
MQ-01P0Z, 489.0, -0.0001, 100.03
MQ-01P0Z, 490.0, -0.0001, 100.03
MQ-01P0Z, 491.0, -0.0001, 100.03
MQ-01P0Z, 492.0, -0.0002, 100.03
MQ-01P0Z, 493.0, -0.0002, 100.04
MQ-01P0Z, 494.0, -0.0002, 100.05
MQ-01P0Z, 495.0, -0.0001, 100.03
MQ-01P0Z, 496.0, -0.0002, 100.04
MQ-01P0Z, 497.0, -0.0001, 100.02
MQ-01P0Z, 498.0, -0.0001, 100.02
MQ-01P0Z, 499.0, -0.0001, 100.03
MQ-01P0Z, 500.0, -0.0001, 100.02
MQ-01P0Z, 501.0, -0.0002, 100.04
MQ-01P0Z, 502.0, -0.0001, 100.02
MQ-01P0Z, 503.0, -0.0001, 100.02
MQ-01P0Z, 504.0, -0.0001, 100.02
MQ-01P0Z, 505.0, -0.0001, 100.02
MQ-01P0Z, 506.0, -0.0001, 100.01
MQ-01P0Z, 507.0, -0.0000, 100.01
MQ-01P0Z, 508.0, -0.0001, 100.02
MQ-01P0Z, 509.0, -0.0002, 100.04
MQ-01P0Z, 510.0, -0.0001, 100.02
MQ-01P0Z, 511.0, -0.0002, 100.04
MQ-01P0Z, 512.0, -0.0001, 100.03
MQ-01P0Z, 513.0, -0.0001, 100.03
MQ-01P0Z, 514.0, -0.0001, 100.02
MQ-01P0Z, 515.0, -0.0001, 100.02
MQ-01P0Z, 516.0, -0.0001, 100.02
MQ-01P0Z, 517.0, -0.0001, 100.03
MQ-01P0Z, 518.0, -0.0001, 100.02
MQ-01P0Z, 519.0, -0.0001, 100.03
MQ-01P0Z, 520.0, -0.0001, 100.02
MQ-01P0Z, 521.0, -0.0002, 100.04
MQ-01P0Z, 522.0, -0.0001, 100.03
MQ-01P0Z, 523.0, -0.0001, 100.02
MQ-01P0Z, 524.0, -0.0001, 100.03
MQ-01P0Z, 525.0, -0.0001, 100.02
MQ-01P0Z, 526.0, -0.0001, 100.03
MQ-01P0Z, 527.0, -0.0001, 100.03
MQ-01P0Z, 528.0, -0.0002, 100.04
MQ-01P0Z, 529.0, -0.0001, 100.03
MQ-01P0Z, 530.0, -0.0001, 100.03
MQ-01P0Z, 531.0, -0.0002, 100.04
MQ-01P0Z, 532.0, -0.0002, 100.05
MQ-01P0Z, 533.0, -0.0001, 100.02
MQ-01P0Z, 534.0, -0.0001, 100.03
MQ-01P0Z, 535.0, -0.0001, 100.02
MQ-01P0Z, 536.0, -0.0002, 100.04
MQ-01P0Z, 537.0, -0.0002, 100.04
MQ-01P0Z, 538.0, -0.0000, 100.00
MQ-01P0Z, 539.0, -0.0001, 100.02
MQ-01P0Z, 540.0, -0.0001, 100.02
MQ-01P0Z, 541.0, -0.0001, 100.02
MQ-01P0Z, 542.0, -0.0001, 100.02
MQ-01P0Z, 543.0, -0.0000, 100.01
MQ-01P0Z, 544.0, -0.0001, 100.03
MQ-01P0Z, 545.0, -0.0000, 100.01
MQ-01P0Z, 546.0, -0.0002, 100.03
MQ-01P0Z, 547.0, -0.0001, 100.02
MQ-01P0Z, 548.0, -0.0001, 100.02
MQ-01P0Z, 549.0, -0.0001, 100.02
MQ-01P0Z, 550.0, -0.0001, 100.02
MQ-01P0Z, 551.0, -0.0001, 100.03
MQ-01P0Z, 552.0, -0.0001, 100.03
MQ-01P0Z, 553.0, -0.0001, 100.02
MQ-01P0Z, 554.0, -0.0001, 100.02
MQ-01P0Z, 555.0, -0.0001, 100.02
MQ-01P0Z, 556.0, -0.0001, 100.02
MQ-01P0Z, 557.0, -0.0001, 100.02
MQ-01P0Z, 558.0, -0.0001, 100.02
MQ-01P0Z, 559.0, -0.0001, 100.02
MQ-01P0Z, 560.0, -0.0001, 100.02
MQ-01P0Z, 561.0, -0.0001, 100.02
MQ-01P0Z, 562.0, -0.0000, 100.01
MQ-01P0Z, 563.0, -0.0001, 100.02
MQ-01P0Z, 564.0, -0.0001, 100.01
MQ-01P0Z, 565.0, -0.0001, 100.02
MQ-01P0Z, 566.0, -0.0001, 100.02
MQ-01P0Z, 567.0, -0.0001, 100.02
MQ-01P0Z, 568.0, -0.0001, 100.02
MQ-01P0Z, 569.0, -0.0001, 100.02
MQ-01P0Z, 570.0, -0.0001, 100.03
MQ-01P0Z, 571.0, -0.0001, 100.03
MQ-01P0Z, 572.0, -0.0000, 100.01
MQ-01P0Z, 573.0, -0.0001, 100.02
MQ-01P0Z, 574.0, 0.0000, 100.00
MQ-01P0Z, 575.0, -0.0001, 100.03
MQ-01P0Z, 576.0, -0.0001, 100.02
MQ-01P0Z, 577.0, -0.0001, 100.02
MQ-01P0Z, 578.0, -0.0001, 100.03
MQ-01P0Z, 579.0, -0.0002, 100.04
MQ-01P0Z, 580.0, -0.0001, 100.03
MQ-01P0Z, 581.0, 0.0000, 100.00
MQ-01P0Z, 582.0, -0.0001, 100.03
MQ-01P0Z, 583.0, -0.0000, 100.01
MQ-01P0Z, 584.0, -0.0001, 100.03
MQ-01P0Z, 585.0, -0.0001, 100.02
MQ-01P0Z, 586.0, -0.0001, 100.02
MQ-01P0Z, 587.0, -0.0001, 100.02
MQ-01P0Z, 588.0, -0.0001, 100.03
MQ-01P0Z, 589.0, -0.0001, 100.02
MQ-01P0Z, 590.0, -0.0001, 100.02
MQ-01P0Z, 591.0, -0.0001, 100.01
MQ-01P0Z, 592.0, -0.0001, 100.03
MQ-01P0Z, 593.0, -0.0001, 100.03
MQ-01P0Z, 594.0, -0.0001, 100.03
MQ-01P0Z, 595.0, -0.0001, 100.02
MQ-01P0Z, 596.0, -0.0000, 100.01
MQ-01P0Z, 597.0, -0.0001, 100.03
MQ-01P0Z, 598.0, -0.0000, 100.01
MQ-01P0Z, 599.0, -0.0000, 100.01
MQ-01P0Z, 600.0, -0.0001, 100.02
MQ-01P0Z, 601.0, -0.0000, 100.01
MQ-01P0Z, 602.0, -0.0000, 100.01
MQ-01P0Z, 603.0, -0.0001, 100.02
MQ-01P0Z, 604.0, -0.0000, 100.01
MQ-01P0Z, 605.0, -0.0000, 100.01
MQ-01P0Z, 606.0, -0.0001, 100.01
MQ-01P0Z, 607.0, -0.0001, 100.01
MQ-01P0Z, 608.0, 0.0000, 100.00
MQ-01P0Z, 609.0, -0.0001, 100.01
MQ-01P0Z, 610.0, -0.0001, 100.01
MQ-01P0Z, 611.0, -0.0000, 100.01
MQ-01P0Z, 612.0, 0.0000, 100.00
MQ-01P0Z, 613.0, -0.0000, 100.01
MQ-01P0Z, 614.0, -0.0000, 100.00
MQ-01P0Z, 615.0, -0.0001, 100.01
MQ-01P0Z, 616.0, -0.0001, 100.02
MQ-01P0Z, 617.0, -0.0001, 100.02
MQ-01P0Z, 618.0, -0.0001, 100.03
MQ-01P0Z, 619.0, -0.0001, 100.02
MQ-01P0Z, 620.0, -0.0001, 100.02
MQ-01P0Z, 621.0, -0.0001, 100.03
MQ-01P0Z, 622.0, -0.0001, 100.01
MQ-01P0Z, 623.0, -0.0001, 100.01
MQ-01P0Z, 624.0, -0.0001, 100.01
MQ-01P0Z, 625.0, -0.0001, 100.02
MQ-01P0Z, 626.0, -0.0000, 100.00
MQ-01P0Z, 627.0, -0.0000, 100.00
MQ-01P0Z, 628.0, -0.0001, 100.01
MQ-01P0Z, 629.0, -0.0000, 100.01
MQ-01P0Z, 630.0, -0.0001, 100.02
MQ-01P0Z, 631.0, -0.0002, 100.04
MQ-01P0Z, 632.0, -0.0001, 100.01
MQ-01P0Z, 633.0, 0.0000, 99.99
MQ-01P0Z, 634.0, -0.0000, 100.01
MQ-01P0Z, 635.0, 0.0000, 100.00
MQ-01P0Z, 636.0, -0.0000, 100.01
MQ-01P0Z, 637.0, -0.0000, 100.01
MQ-01P0Z, 638.0, -0.0000, 100.01
MQ-01P0Z, 639.0, -0.0000, 100.01
MQ-01P0Z, 640.0, -0.0001, 100.02
MQ-01P0Z, 641.0, -0.0000, 100.01
MQ-01P0Z, 642.0, -0.0000, 100.01
MQ-01P0Z, 643.0, -0.0000, 100.01
MQ-01P0Z, 644.0, -0.0001, 100.02
MQ-01P0Z, 645.0, -0.0000, 100.00
MQ-01P0Z, 646.0, -0.0000, 100.01
MQ-01P0Z, 647.0, -0.0000, 100.01
MQ-01P0Z, 648.0, -0.0001, 100.01
MQ-01P0Z, 649.0, -0.0001, 100.03
MQ-01P0Z, 650.0, -0.0001, 100.03
MQ-01P0Z, 651.0, -0.0002, 100.05
MQ-01P0Z, 652.0, -0.0002, 100.04
MQ-01P0Z, 653.0, -0.0001, 100.03
MQ-01P0Z, 654.0, -0.0002, 100.04
MQ-01P0Z, 655.0, -0.0002, 100.05
MQ-01P0Z, 656.0, -0.0002, 100.04
MQ-01P0Z, 657.0, -0.0002, 100.04
MQ-01P0Z, 658.0, -0.0001, 100.03
MQ-01P0Z, 659.0, -0.0001, 100.03
MQ-01P0Z, 660.0, -0.0001, 100.03
MQ-01P0Z, 661.0, -0.0001, 100.02
MQ-01P0Z, 662.0, -0.0000, 100.01
MQ-01P0Z, 663.0, -0.0001, 100.01
MQ-01P0Z, 664.0, -0.0000, 100.00
MQ-01P0Z, 665.0, -0.0001, 100.03
MQ-01P0Z, 666.0, -0.0001, 100.03
MQ-01P0Z, 667.0, -0.0001, 100.03
MQ-01P0Z, 668.0, -0.0001, 100.03
MQ-01P0Z, 669.0, -0.0001, 100.02
MQ-01P0Z, 670.0, -0.0001, 100.02
MQ-01P0Z, 671.0, 0.0000, 100.00
MQ-01P0Z, 672.0, 0.0001, 99.99
MQ-01P0Z, 673.0, 0.0000, 99.99
MQ-01P0Z, 674.0, 0.0000, 100.00
MQ-01P0Z, 675.0, 0.0001, 99.98
MQ-01P0Z, 676.0, -0.0000, 100.00
MQ-01P0Z, 677.0, 0.0000, 100.00
MQ-01P0Z, 678.0, -0.0000, 100.00
MQ-01P0Z, 679.0, 0.0000, 99.99
MQ-01P0Z, 680.0, -0.0000, 100.01
MQ-01P0Z, 681.0, -0.0000, 100.01
MQ-01P0Z, 682.0, -0.0001, 100.01
MQ-01P0Z, 683.0, -0.0000, 100.01
MQ-01P0Z, 684.0, -0.0001, 100.01
MQ-01P0Z, 685.0, -0.0001, 100.02
MQ-01P0Z, 686.0, -0.0001, 100.02
MQ-01P0Z, 687.0, -0.0001, 100.03
MQ-01P0Z, 688.0, -0.0001, 100.03
MQ-01P0Z, 689.0, -0.0001, 100.03
MQ-01P0Z, 690.0, -0.0001, 100.03
MQ-01P0Z, 691.0, -0.0001, 100.02
MQ-01P0Z, 692.0, -0.0001, 100.02
MQ-01P0Z, 693.0, -0.0001, 100.03
MQ-01P0Z, 694.0, -0.0001, 100.03
MQ-01P0Z, 695.0, -0.0002, 100.04
MQ-01P0Z, 696.0, -0.0002, 100.04
MQ-01P0Z, 697.0, -0.0001, 100.02
MQ-01P0Z, 698.0, -0.0001, 100.01
MQ-01P0Z, 699.0, -0.0000, 100.01
MQ-01P0Z, 700.0, -0.0001, 100.02
MQ-01P0Z, 701.0, -0.0000, 100.01
MQ-01P0Z, 702.0, -0.0000, 100.00
MQ-01P0Z, 703.0, -0.0000, 100.01
MQ-01P0Z, 704.0, -0.0001, 100.01
MQ-01P0Z, 705.0, -0.0001, 100.02
MQ-01P0Z, 706.0, -0.0000, 100.01
MQ-01P0Z, 707.0, -0.0001, 100.02
MQ-01P0Z, 708.0, -0.0001, 100.02
MQ-01P0Z, 709.0, -0.0000, 100.01
MQ-01P0Z, 710.0, -0.0000, 100.01
MQ-01P0Z, 711.0, -0.0001, 100.02
MQ-01P0Z, 712.0, -0.0001, 100.02
MQ-01P0Z, 713.0, -0.0001, 100.02
MQ-01P0Z, 714.0, -0.0000, 100.01
MQ-01P0Z, 715.0, 0.0000, 100.00
MQ-01P0Z, 716.0, 0.0000, 100.00
MQ-01P0Z, 717.0, -0.0000, 100.00
MQ-01P0Z, 718.0, -0.0001, 100.01
MQ-01P0Z, 719.0, -0.0001, 100.01
MQ-01P0Z, 720.0, -0.0001, 100.01
MQ-01P0Z, 721.0, 0.0000, 100.00
MQ-01P0Z, 722.0, -0.0000, 100.00
MQ-01P0Z, 723.0, 0.0000, 100.00
MQ-01P0Z, 724.0, -0.0000, 100.01
MQ-01P0Z, 725.0, -0.0000, 100.01
MQ-01P0Z, 726.0, -0.0000, 100.01
MQ-01P0Z, 727.0, 0.0000, 100.00
MQ-01P0Z, 728.0, -0.0000, 100.01
MQ-01P0Z, 729.0, 0.0000, 100.00
MQ-01P0Z, 730.0, -0.0001, 100.02
MQ-01P0Z, 731.0, -0.0000, 100.01
MQ-01P0Z, 732.0, -0.0001, 100.02
MQ-01P0Z, 733.0, -0.0000, 100.00
MQ-01P0Z, 734.0, -0.0000, 100.00
MQ-01P0Z, 735.0, 0.0000, 99.99
MQ-01P0Z, 736.0, 0.0000, 100.00
MQ-01P0Z, 737.0, 0.0001, 99.98
MQ-01P0Z, 738.0, 0.0000, 99.99
MQ-01P0Z, 739.0, 0.0001, 99.97
MQ-01P0Z, 740.0, 0.0002, 99.96
MQ-01P0Z, 741.0, 0.0001, 99.97
MQ-01P0Z, 742.0, 0.0001, 99.98
MQ-01P0Z, 743.0, 0.0001, 99.97
MQ-01P0Z, 744.0, 0.0001, 99.97
MQ-01P0Z, 745.0, 0.0001, 99.99
MQ-01P0Z, 746.0, 0.0001, 99.98
MQ-01P0Z, 747.0, 0.0001, 99.97
MQ-01P0Z, 748.0, 0.0001, 99.99
MQ-01P0Z, 749.0, 0.0000, 100.00
MQ-01P0Z, 750.0, 0.0000, 100.00
MQ-01P0Z, 751.0, -0.0000, 100.01
MQ-01P0Z, 752.0, 0.0000, 100.00
MQ-01P0Z, 753.0, 0.0000, 100.00
MQ-01P0Z, 754.0, 0.0001, 99.99
MQ-01P0Z, 755.0, 0.0000, 99.99
MQ-01P0Z, 756.0, 0.0000, 99.99
MQ-01P0Z, 757.0, 0.0001, 99.98
MQ-01P0Z, 758.0, 0.0001, 99.98
MQ-01P0Z, 759.0, 0.0001, 99.98
MQ-01P0Z, 760.0, 0.0001, 99.98
MQ-01P0Z, 761.0, 0.0000, 100.00
MQ-01P0Z, 762.0, 0.0000, 100.00
MQ-01P0Z, 763.0, -0.0000, 100.01
MQ-01P0Z, 764.0, 0.0000, 100.00
MQ-01P0Z, 765.0, -0.0001, 100.01
MQ-01P0Z, 766.0, -0.0000, 100.01
MQ-01P0Z, 767.0, -0.0000, 100.00
MQ-01P0Z, 768.0, -0.0001, 100.01
MQ-01P0Z, 769.0, -0.0000, 100.01
MQ-01P0Z, 770.0, -0.0001, 100.01
MQ-01P0Z, 771.0, -0.0001, 100.02
MQ-01P0Z, 772.0, -0.0001, 100.02
MQ-01P0Z, 773.0, -0.0000, 100.00
MQ-01P0Z, 774.0, -0.0000, 100.01
MQ-01P0Z, 775.0, -0.0000, 100.00
MQ-01P0Z, 776.0, 0.0000, 100.00
MQ-01P0Z, 777.0, 0.0000, 100.00
MQ-01P0Z, 778.0, 0.0000, 100.00
MQ-01P0Z, 779.0, 0.0001, 99.98
MQ-01P0Z, 780.0, 0.0000, 100.00
MQ-01P0Z, 781.0, 0.0000, 99.99
MQ-01P0Z, 782.0, -0.0001, 100.01
MQ-01P0Z, 783.0, -0.0001, 100.01
MQ-01P0Z, 784.0, -0.0001, 100.02
MQ-01P0Z, 785.0, -0.0000, 100.01
MQ-01P0Z, 786.0, -0.0000, 100.00
MQ-01P0Z, 787.0, -0.0000, 100.01
MQ-01P0Z, 788.0, -0.0000, 100.01
MQ-01P0Z, 789.0, 0.0000, 100.00
MQ-01P0Z, 790.0, 0.0001, 99.99
MQ-01P0Z, 791.0, 0.0001, 99.99
MQ-01P0Z, 792.0, 0.0000, 100.00
MQ-01P0Z, 793.0, -0.0000, 100.00
MQ-01P0Z, 794.0, 0.0000, 99.99
MQ-01P0Z, 795.0, 0.0000, 100.00
MQ-01P0Z, 796.0, 0.0000, 99.99
MQ-01P0Z, 797.0, 0.0000, 100.00
MQ-01P0Z, 798.0, 0.0001, 99.99
MQ-01P0Z, 799.0, 0.0001, 99.98
MQ-01P0Z, 800.0, 0.0001, 99.98
MQ-01P0Z, 801.0, 0.0001, 99.99
MQ-01P0Z, 802.0, -0.0000, 100.01
MQ-01P0Z, 803.0, 0.0000, 100.00
MQ-01P0Z, 804.0, -0.0000, 100.00
MQ-01P0Z, 805.0, 0.0001, 99.99
MQ-01P0Z, 806.0, 0.0001, 99.98
MQ-01P0Z, 807.0, 0.0001, 99.98
MQ-01P0Z, 808.0, 0.0001, 99.98
MQ-01P0Z, 809.0, 0.0000, 99.99
MQ-01P0Z, 810.0, 0.0000, 99.99
MQ-01P0Z, 811.0, 0.0000, 100.00
MQ-01P0Z, 812.0, 0.0000, 99.99
MQ-01P0Z, 813.0, 0.0000, 99.99
MQ-01P0Z, 814.0, 0.0000, 100.00
MQ-01P0Z, 815.0, -0.0000, 100.00
MQ-01P0Z, 816.0, -0.0000, 100.01
MQ-01P0Z, 817.0, -0.0000, 100.01
MQ-01P0Z, 818.0, -0.0000, 100.00
MQ-01P0Z, 819.0, -0.0000, 100.01
MQ-01P0Z, 820.0, -0.0000, 100.01
MQ-01P0Z, 821.0, 0.0000, 100.00
MQ-01P0Z, 822.0, 0.0001, 99.99
MQ-01P0Z, 823.0, 0.0000, 100.00
MQ-01P0Z, 824.0, 0.0000, 100.00
MQ-01P0Z, 825.0, 0.0000, 100.00
MQ-01P0Z, 826.0, 0.0001, 99.98
MQ-01P0Z, 827.0, -0.0001, 100.01
MQ-01P0Z, 828.0, 0.0001, 99.99
MQ-01P0Z, 829.0, -0.0000, 100.01
MQ-01P0Z, 830.0, 0.0000, 100.00
MQ-01P0Z, 831.0, 0.0000, 100.00
MQ-01P0Z, 832.0, -0.0000, 100.01
MQ-01P0Z, 833.0, -0.0001, 100.01
MQ-01P0Z, 834.0, 0.0000, 99.99
MQ-01P0Z, 835.0, 0.0000, 100.00
MQ-01P0Z, 836.0, 0.0001, 99.99
MQ-01P0Z, 837.0, 0.0000, 100.00
MQ-01P0Z, 838.0, 0.0001, 99.99
MQ-01P0Z, 839.0, 0.0001, 99.98
MQ-01P0Z, 840.0, 0.0001, 99.98
MQ-01P0Z, 841.0, 0.0001, 99.98
MQ-01P0Z, 842.0, 0.0001, 99.98
MQ-01P0Z, 843.0, 0.0000, 99.99
MQ-01P0Z, 844.0, 0.0000, 99.99
MQ-01P0Z, 845.0, 0.0000, 99.99
MQ-01P0Z, 846.0, 0.0000, 100.00
MQ-01P0Z, 847.0, -0.0000, 100.01
MQ-01P0Z, 848.0, 0.0000, 99.99
MQ-01P0Z, 849.0, 0.0001, 99.97
MQ-01P0Z, 850.0, 0.0001, 99.97
