MQ-10P0N, Time, 2017/07/12 02:28:24
MQ-10P0N, Operator, Smith 
MQ-10P0N, Lamp, 255 
MQ-10P0N, Slit,0.0  
MQ-10P0N, Scan From, 850.0nm
MQ-10P0N, Scan To, 390.0nm
MQ-10P0N, Scan Step, 1.0nm
MQ-10P0N, Sample Filter, 11
MQ-10P0N, memo,  
MQ-10P0N, WL(nm), Abs, T%
MQ-10P0N, 390.0, -0.0020, 100.46
MQ-10P0N, 391.0, -0.0019, 100.43
MQ-10P0N, 392.0, -0.0018, 100.43
MQ-10P0N, 393.0, -0.0020, 100.46
MQ-10P0N, 394.0, -0.0019, 100.44
MQ-10P0N, 395.0, -0.0019, 100.45
MQ-10P0N, 396.0, -0.0019, 100.43
MQ-10P0N, 397.0, -0.0018, 100.42
MQ-10P0N, 398.0, -0.0019, 100.44
MQ-10P0N, 399.0, -0.0019, 100.43
MQ-10P0N, 400.0, -0.0020, 100.47
MQ-10P0N, 401.0, -0.0019, 100.43
MQ-10P0N, 402.0, -0.0020, 100.45
MQ-10P0N, 403.0, -0.0020, 100.46
MQ-10P0N, 404.0, -0.0019, 100.44
MQ-10P0N, 405.0, -0.0020, 100.45
MQ-10P0N, 406.0, -0.0020, 100.46
MQ-10P0N, 407.0, -0.0020, 100.46
MQ-10P0N, 408.0, -0.0019, 100.45
MQ-10P0N, 409.0, -0.0019, 100.43
MQ-10P0N, 410.0, -0.0020, 100.45
MQ-10P0N, 411.0, -0.0019, 100.43
MQ-10P0N, 412.0, -0.0020, 100.45
MQ-10P0N, 413.0, -0.0020, 100.45
MQ-10P0N, 414.0, -0.0020, 100.45
MQ-10P0N, 415.0, -0.0020, 100.45
MQ-10P0N, 416.0, -0.0019, 100.44
MQ-10P0N, 417.0, -0.0020, 100.45
MQ-10P0N, 418.0, -0.0019, 100.44
MQ-10P0N, 419.0, -0.0019, 100.44
MQ-10P0N, 420.0, -0.0020, 100.45
MQ-10P0N, 421.0, -0.0019, 100.44
MQ-10P0N, 422.0, -0.0019, 100.45
MQ-10P0N, 423.0, -0.0019, 100.44
MQ-10P0N, 424.0, -0.0020, 100.46
MQ-10P0N, 425.0, -0.0020, 100.46
MQ-10P0N, 426.0, -0.0020, 100.45
MQ-10P0N, 427.0, -0.0019, 100.44
MQ-10P0N, 428.0, -0.0020, 100.45
MQ-10P0N, 429.0, -0.0019, 100.45
MQ-10P0N, 430.0, -0.0019, 100.45
MQ-10P0N, 431.0, -0.0019, 100.45
MQ-10P0N, 432.0, -0.0020, 100.46
MQ-10P0N, 433.0, -0.0019, 100.44
MQ-10P0N, 434.0, -0.0020, 100.46
MQ-10P0N, 435.0, -0.0019, 100.44
MQ-10P0N, 436.0, -0.0019, 100.45
MQ-10P0N, 437.0, -0.0019, 100.43
MQ-10P0N, 438.0, -0.0018, 100.42
MQ-10P0N, 439.0, -0.0019, 100.43
MQ-10P0N, 440.0, -0.0019, 100.44
MQ-10P0N, 441.0, -0.0019, 100.44
MQ-10P0N, 442.0, -0.0019, 100.44
MQ-10P0N, 443.0, -0.0019, 100.44
MQ-10P0N, 444.0, -0.0020, 100.45
MQ-10P0N, 445.0, -0.0020, 100.46
MQ-10P0N, 446.0, -0.0020, 100.45
MQ-10P0N, 447.0, -0.0020, 100.47
MQ-10P0N, 448.0, -0.0019, 100.45
MQ-10P0N, 449.0, -0.0021, 100.48
MQ-10P0N, 450.0, -0.0021, 100.49
MQ-10P0N, 451.0, -0.0022, 100.50
MQ-10P0N, 452.0, -0.0021, 100.48
MQ-10P0N, 453.0, -0.0021, 100.49
MQ-10P0N, 454.0, -0.0021, 100.50
MQ-10P0N, 455.0, -0.0021, 100.49
MQ-10P0N, 456.0, -0.0022, 100.50
MQ-10P0N, 457.0, -0.0022, 100.50
MQ-10P0N, 458.0, -0.0021, 100.48
MQ-10P0N, 459.0, -0.0021, 100.48
MQ-10P0N, 460.0, -0.0021, 100.48
MQ-10P0N, 461.0, -0.0022, 100.51
MQ-10P0N, 462.0, -0.0022, 100.50
MQ-10P0N, 463.0, -0.0021, 100.50
MQ-10P0N, 464.0, -0.0022, 100.50
MQ-10P0N, 465.0, -0.0022, 100.50
MQ-10P0N, 466.0, -0.0022, 100.52
MQ-10P0N, 467.0, -0.0021, 100.49
MQ-10P0N, 468.0, -0.0022, 100.50
MQ-10P0N, 469.0, -0.0021, 100.49
MQ-10P0N, 470.0, -0.0021, 100.49
MQ-10P0N, 471.0, -0.0022, 100.50
MQ-10P0N, 472.0, -0.0021, 100.48
MQ-10P0N, 473.0, -0.0021, 100.49
MQ-10P0N, 474.0, -0.0022, 100.50
MQ-10P0N, 475.0, -0.0021, 100.48
MQ-10P0N, 476.0, -0.0021, 100.49
MQ-10P0N, 477.0, -0.0021, 100.49
MQ-10P0N, 478.0, -0.0022, 100.50
MQ-10P0N, 479.0, -0.0022, 100.52
MQ-10P0N, 480.0, -0.0022, 100.51
MQ-10P0N, 481.0, -0.0022, 100.51
MQ-10P0N, 482.0, -0.0022, 100.50
MQ-10P0N, 483.0, -0.0022, 100.51
MQ-10P0N, 484.0, -0.0021, 100.50
MQ-10P0N, 485.0, -0.0021, 100.48
MQ-10P0N, 486.0, -0.0022, 100.50
MQ-10P0N, 487.0, -0.0021, 100.48
MQ-10P0N, 488.0, -0.0022, 100.51
MQ-10P0N, 489.0, -0.0022, 100.50
MQ-10P0N, 490.0, -0.0022, 100.50
MQ-10P0N, 491.0, -0.0022, 100.51
MQ-10P0N, 492.0, -0.0021, 100.49
MQ-10P0N, 493.0, -0.0021, 100.49
MQ-10P0N, 494.0, -0.0021, 100.49
MQ-10P0N, 495.0, -0.0021, 100.49
MQ-10P0N, 496.0, -0.0022, 100.50
MQ-10P0N, 497.0, -0.0022, 100.50
MQ-10P0N, 498.0, -0.0022, 100.51
MQ-10P0N, 499.0, -0.0021, 100.49
MQ-10P0N, 500.0, -0.0022, 100.50
MQ-10P0N, 501.0, -0.0021, 100.49
MQ-10P0N, 502.0, -0.0021, 100.48
MQ-10P0N, 503.0, -0.0022, 100.50
MQ-10P0N, 504.0, -0.0021, 100.49
MQ-10P0N, 505.0, -0.0023, 100.52
MQ-10P0N, 506.0, -0.0022, 100.50
MQ-10P0N, 507.0, -0.0021, 100.50
MQ-10P0N, 508.0, -0.0021, 100.49
MQ-10P0N, 509.0, -0.0021, 100.50
MQ-10P0N, 510.0, -0.0022, 100.51
MQ-10P0N, 511.0, -0.0022, 100.50
MQ-10P0N, 512.0, -0.0022, 100.50
MQ-10P0N, 513.0, -0.0022, 100.50
MQ-10P0N, 514.0, -0.0022, 100.50
MQ-10P0N, 515.0, -0.0021, 100.49
MQ-10P0N, 516.0, -0.0022, 100.50
MQ-10P0N, 517.0, -0.0022, 100.50
MQ-10P0N, 518.0, -0.0022, 100.51
MQ-10P0N, 519.0, -0.0022, 100.51
MQ-10P0N, 520.0, -0.0022, 100.51
MQ-10P0N, 521.0, -0.0021, 100.49
MQ-10P0N, 522.0, -0.0021, 100.49
MQ-10P0N, 523.0, -0.0022, 100.50
MQ-10P0N, 524.0, -0.0021, 100.48
MQ-10P0N, 525.0, -0.0021, 100.49
MQ-10P0N, 526.0, -0.0021, 100.49
MQ-10P0N, 527.0, -0.0021, 100.49
MQ-10P0N, 528.0, -0.0021, 100.49
MQ-10P0N, 529.0, -0.0022, 100.50
MQ-10P0N, 530.0, -0.0021, 100.49
MQ-10P0N, 531.0, -0.0021, 100.49
MQ-10P0N, 532.0, -0.0022, 100.50
MQ-10P0N, 533.0, -0.0021, 100.49
MQ-10P0N, 534.0, -0.0021, 100.49
MQ-10P0N, 535.0, -0.0022, 100.51
MQ-10P0N, 536.0, -0.0021, 100.49
MQ-10P0N, 537.0, -0.0022, 100.50
MQ-10P0N, 538.0, -0.0021, 100.47
MQ-10P0N, 539.0, -0.0021, 100.48
MQ-10P0N, 540.0, -0.0021, 100.49
MQ-10P0N, 541.0, -0.0021, 100.48
MQ-10P0N, 542.0, -0.0022, 100.50
MQ-10P0N, 543.0, -0.0022, 100.50
MQ-10P0N, 544.0, -0.0021, 100.49
MQ-10P0N, 545.0, -0.0023, 100.53
MQ-10P0N, 546.0, -0.0022, 100.51
MQ-10P0N, 547.0, -0.0022, 100.51
MQ-10P0N, 548.0, -0.0022, 100.50
MQ-10P0N, 549.0, -0.0022, 100.52
MQ-10P0N, 550.0, -0.0023, 100.52
MQ-10P0N, 551.0, -0.0022, 100.52
MQ-10P0N, 552.0, -0.0022, 100.52
MQ-10P0N, 553.0, -0.0023, 100.52
MQ-10P0N, 554.0, -0.0023, 100.52
MQ-10P0N, 555.0, -0.0023, 100.53
MQ-10P0N, 556.0, -0.0022, 100.52
MQ-10P0N, 557.0, -0.0023, 100.52
MQ-10P0N, 558.0, -0.0023, 100.53
MQ-10P0N, 559.0, -0.0024, 100.54
MQ-10P0N, 560.0, -0.0023, 100.52
MQ-10P0N, 561.0, -0.0023, 100.54
MQ-10P0N, 562.0, -0.0022, 100.51
MQ-10P0N, 563.0, -0.0023, 100.53
MQ-10P0N, 564.0, -0.0023, 100.52
MQ-10P0N, 565.0, -0.0022, 100.51
MQ-10P0N, 566.0, -0.0022, 100.52
MQ-10P0N, 567.0, -0.0022, 100.52
MQ-10P0N, 568.0, -0.0022, 100.51
MQ-10P0N, 569.0, -0.0023, 100.53
MQ-10P0N, 570.0, -0.0022, 100.51
MQ-10P0N, 571.0, -0.0024, 100.55
MQ-10P0N, 572.0, -0.0022, 100.51
MQ-10P0N, 573.0, -0.0024, 100.55
MQ-10P0N, 574.0, -0.0024, 100.55
MQ-10P0N, 575.0, -0.0024, 100.54
MQ-10P0N, 576.0, -0.0024, 100.55
MQ-10P0N, 577.0, -0.0024, 100.55
MQ-10P0N, 578.0, -0.0025, 100.58
MQ-10P0N, 579.0, -0.0025, 100.58
MQ-10P0N, 580.0, -0.0024, 100.56
MQ-10P0N, 581.0, -0.0024, 100.55
MQ-10P0N, 582.0, -0.0024, 100.54
MQ-10P0N, 583.0, -0.0024, 100.55
MQ-10P0N, 584.0, -0.0023, 100.54
MQ-10P0N, 585.0, -0.0023, 100.52
MQ-10P0N, 586.0, -0.0023, 100.54
MQ-10P0N, 587.0, -0.0023, 100.52
MQ-10P0N, 588.0, -0.0023, 100.53
MQ-10P0N, 589.0, -0.0022, 100.51
MQ-10P0N, 590.0, -0.0022, 100.51
MQ-10P0N, 591.0, -0.0022, 100.51
MQ-10P0N, 592.0, -0.0021, 100.50
MQ-10P0N, 593.0, -0.0022, 100.50
MQ-10P0N, 594.0, -0.0023, 100.52
MQ-10P0N, 595.0, -0.0022, 100.50
MQ-10P0N, 596.0, -0.0023, 100.52
MQ-10P0N, 597.0, -0.0022, 100.52
MQ-10P0N, 598.0, -0.0023, 100.53
MQ-10P0N, 599.0, -0.0024, 100.55
MQ-10P0N, 600.0, -0.0023, 100.53
MQ-10P0N, 601.0, -0.0024, 100.54
MQ-10P0N, 602.0, -0.0023, 100.54
MQ-10P0N, 603.0, -0.0024, 100.55
MQ-10P0N, 604.0, -0.0023, 100.54
MQ-10P0N, 605.0, -0.0024, 100.55
MQ-10P0N, 606.0, -0.0024, 100.55
MQ-10P0N, 607.0, -0.0024, 100.56
MQ-10P0N, 608.0, -0.0025, 100.57
MQ-10P0N, 609.0, -0.0024, 100.56
MQ-10P0N, 610.0, -0.0025, 100.57
MQ-10P0N, 611.0, -0.0025, 100.57
MQ-10P0N, 612.0, -0.0025, 100.57
MQ-10P0N, 613.0, -0.0025, 100.57
MQ-10P0N, 614.0, -0.0025, 100.58
MQ-10P0N, 615.0, -0.0025, 100.57
MQ-10P0N, 616.0, -0.0025, 100.59
MQ-10P0N, 617.0, -0.0025, 100.57
MQ-10P0N, 618.0, -0.0025, 100.58
MQ-10P0N, 619.0, -0.0024, 100.56
MQ-10P0N, 620.0, -0.0025, 100.57
MQ-10P0N, 621.0, -0.0024, 100.56
MQ-10P0N, 622.0, -0.0025, 100.57
MQ-10P0N, 623.0, -0.0025, 100.57
MQ-10P0N, 624.0, -0.0024, 100.56
MQ-10P0N, 625.0, -0.0024, 100.57
MQ-10P0N, 626.0, -0.0025, 100.57
MQ-10P0N, 627.0, -0.0024, 100.56
MQ-10P0N, 628.0, -0.0025, 100.57
MQ-10P0N, 629.0, -0.0024, 100.57
MQ-10P0N, 630.0, -0.0026, 100.59
MQ-10P0N, 631.0, -0.0025, 100.59
MQ-10P0N, 632.0, -0.0026, 100.59
MQ-10P0N, 633.0, -0.0025, 100.58
MQ-10P0N, 634.0, -0.0025, 100.58
MQ-10P0N, 635.0, -0.0025, 100.58
MQ-10P0N, 636.0, -0.0025, 100.58
MQ-10P0N, 637.0, -0.0026, 100.59
MQ-10P0N, 638.0, -0.0026, 100.60
MQ-10P0N, 639.0, -0.0026, 100.59
MQ-10P0N, 640.0, -0.0026, 100.59
MQ-10P0N, 641.0, -0.0025, 100.58
MQ-10P0N, 642.0, -0.0025, 100.58
MQ-10P0N, 643.0, -0.0024, 100.56
MQ-10P0N, 644.0, -0.0024, 100.57
MQ-10P0N, 645.0, -0.0025, 100.57
MQ-10P0N, 646.0, -0.0024, 100.56
MQ-10P0N, 647.0, -0.0025, 100.57
MQ-10P0N, 648.0, -0.0025, 100.57
MQ-10P0N, 649.0, -0.0025, 100.59
MQ-10P0N, 650.0, -0.0025, 100.58
MQ-10P0N, 651.0, -0.0025, 100.57
MQ-10P0N, 652.0, -0.0025, 100.57
MQ-10P0N, 653.0, -0.0024, 100.57
MQ-10P0N, 654.0, -0.0024, 100.56
MQ-10P0N, 655.0, -0.0024, 100.56
MQ-10P0N, 656.0, -0.0024, 100.56
MQ-10P0N, 657.0, -0.0024, 100.56
MQ-10P0N, 658.0, -0.0024, 100.56
MQ-10P0N, 659.0, -0.0025, 100.57
MQ-10P0N, 660.0, -0.0025, 100.57
MQ-10P0N, 661.0, -0.0024, 100.56
MQ-10P0N, 662.0, -0.0024, 100.56
MQ-10P0N, 663.0, -0.0024, 100.54
MQ-10P0N, 664.0, -0.0024, 100.55
MQ-10P0N, 665.0, -0.0025, 100.57
MQ-10P0N, 666.0, -0.0025, 100.58
MQ-10P0N, 667.0, -0.0025, 100.59
MQ-10P0N, 668.0, -0.0025, 100.57
MQ-10P0N, 669.0, -0.0024, 100.56
MQ-10P0N, 670.0, -0.0024, 100.55
MQ-10P0N, 671.0, -0.0024, 100.55
MQ-10P0N, 672.0, -0.0024, 100.55
MQ-10P0N, 673.0, -0.0023, 100.54
MQ-10P0N, 674.0, -0.0024, 100.55
MQ-10P0N, 675.0, -0.0023, 100.54
MQ-10P0N, 676.0, -0.0023, 100.54
MQ-10P0N, 677.0, -0.0024, 100.54
MQ-10P0N, 678.0, -0.0023, 100.54
MQ-10P0N, 679.0, -0.0024, 100.54
MQ-10P0N, 680.0, -0.0024, 100.55
MQ-10P0N, 681.0, -0.0024, 100.55
MQ-10P0N, 682.0, -0.0024, 100.55
MQ-10P0N, 683.0, -0.0023, 100.54
MQ-10P0N, 684.0, -0.0023, 100.54
MQ-10P0N, 685.0, -0.0022, 100.52
MQ-10P0N, 686.0, -0.0023, 100.52
MQ-10P0N, 687.0, -0.0022, 100.52
MQ-10P0N, 688.0, -0.0023, 100.52
MQ-10P0N, 689.0, -0.0022, 100.52
MQ-10P0N, 690.0, -0.0023, 100.52
MQ-10P0N, 691.0, -0.0023, 100.52
MQ-10P0N, 692.0, -0.0023, 100.53
MQ-10P0N, 693.0, -0.0023, 100.54
MQ-10P0N, 694.0, -0.0023, 100.54
MQ-10P0N, 695.0, -0.0023, 100.53
MQ-10P0N, 696.0, -0.0023, 100.52
MQ-10P0N, 697.0, -0.0023, 100.52
MQ-10P0N, 698.0, -0.0024, 100.56
MQ-10P0N, 699.0, -0.0023, 100.54
MQ-10P0N, 700.0, -0.0024, 100.54
MQ-10P0N, 701.0, -0.0024, 100.54
MQ-10P0N, 702.0, -0.0023, 100.54
MQ-10P0N, 703.0, -0.0023, 100.53
MQ-10P0N, 704.0, -0.0023, 100.53
MQ-10P0N, 705.0, -0.0023, 100.54
MQ-10P0N, 706.0, -0.0024, 100.55
MQ-10P0N, 707.0, -0.0024, 100.56
MQ-10P0N, 708.0, -0.0024, 100.55
MQ-10P0N, 709.0, -0.0024, 100.55
MQ-10P0N, 710.0, -0.0025, 100.57
MQ-10P0N, 711.0, -0.0024, 100.57
MQ-10P0N, 712.0, -0.0024, 100.56
MQ-10P0N, 713.0, -0.0024, 100.56
MQ-10P0N, 714.0, -0.0024, 100.56
MQ-10P0N, 715.0, -0.0025, 100.57
MQ-10P0N, 716.0, -0.0024, 100.55
MQ-10P0N, 717.0, -0.0023, 100.54
MQ-10P0N, 718.0, -0.0024, 100.55
MQ-10P0N, 719.0, -0.0023, 100.54
MQ-10P0N, 720.0, -0.0024, 100.55
MQ-10P0N, 721.0, -0.0023, 100.54
MQ-10P0N, 722.0, -0.0023, 100.54
MQ-10P0N, 723.0, -0.0024, 100.55
MQ-10P0N, 724.0, -0.0024, 100.55
MQ-10P0N, 725.0, -0.0024, 100.55
MQ-10P0N, 726.0, -0.0024, 100.55
MQ-10P0N, 727.0, -0.0024, 100.55
MQ-10P0N, 728.0, -0.0024, 100.55
MQ-10P0N, 729.0, -0.0024, 100.56
MQ-10P0N, 730.0, -0.0024, 100.57
MQ-10P0N, 731.0, -0.0024, 100.56
MQ-10P0N, 732.0, -0.0024, 100.56
MQ-10P0N, 733.0, -0.0024, 100.55
MQ-10P0N, 734.0, -0.0024, 100.56
MQ-10P0N, 735.0, -0.0024, 100.55
MQ-10P0N, 736.0, -0.0024, 100.55
MQ-10P0N, 737.0, -0.0024, 100.55
MQ-10P0N, 738.0, -0.0024, 100.56
MQ-10P0N, 739.0, -0.0024, 100.56
MQ-10P0N, 740.0, -0.0025, 100.57
MQ-10P0N, 741.0, -0.0024, 100.55
MQ-10P0N, 742.0, -0.0024, 100.54
MQ-10P0N, 743.0, -0.0023, 100.53
MQ-10P0N, 744.0, -0.0023, 100.54
MQ-10P0N, 745.0, -0.0024, 100.55
MQ-10P0N, 746.0, -0.0023, 100.53
MQ-10P0N, 747.0, -0.0024, 100.55
MQ-10P0N, 748.0, -0.0024, 100.55
MQ-10P0N, 749.0, -0.0024, 100.56
MQ-10P0N, 750.0, -0.0024, 100.56
MQ-10P0N, 751.0, -0.0024, 100.56
MQ-10P0N, 752.0, -0.0024, 100.55
MQ-10P0N, 753.0, -0.0024, 100.56
MQ-10P0N, 754.0, -0.0023, 100.54
MQ-10P0N, 755.0, -0.0024, 100.56
MQ-10P0N, 756.0, -0.0023, 100.54
MQ-10P0N, 757.0, -0.0023, 100.54
MQ-10P0N, 758.0, -0.0023, 100.53
MQ-10P0N, 759.0, -0.0024, 100.54
MQ-10P0N, 760.0, -0.0023, 100.54
MQ-10P0N, 761.0, -0.0024, 100.56
MQ-10P0N, 762.0, -0.0023, 100.53
MQ-10P0N, 763.0, -0.0023, 100.52
MQ-10P0N, 764.0, -0.0022, 100.52
MQ-10P0N, 765.0, -0.0023, 100.53
MQ-10P0N, 766.0, -0.0022, 100.51
MQ-10P0N, 767.0, -0.0023, 100.52
MQ-10P0N, 768.0, -0.0022, 100.51
MQ-10P0N, 769.0, -0.0023, 100.54
MQ-10P0N, 770.0, -0.0023, 100.54
MQ-10P0N, 771.0, -0.0024, 100.54
MQ-10P0N, 772.0, -0.0024, 100.55
MQ-10P0N, 773.0, -0.0023, 100.54
MQ-10P0N, 774.0, -0.0023, 100.53
MQ-10P0N, 775.0, -0.0023, 100.53
MQ-10P0N, 776.0, -0.0023, 100.53
MQ-10P0N, 777.0, -0.0023, 100.54
MQ-10P0N, 778.0, -0.0023, 100.53
MQ-10P0N, 779.0, -0.0023, 100.54
MQ-10P0N, 780.0, -0.0023, 100.54
MQ-10P0N, 781.0, -0.0024, 100.56
MQ-10P0N, 782.0, -0.0024, 100.54
MQ-10P0N, 783.0, -0.0024, 100.55
MQ-10P0N, 784.0, -0.0024, 100.56
MQ-10P0N, 785.0, -0.0024, 100.56
MQ-10P0N, 786.0, -0.0024, 100.56
MQ-10P0N, 787.0, -0.0025, 100.57
MQ-10P0N, 788.0, -0.0024, 100.56
MQ-10P0N, 789.0, -0.0023, 100.54
MQ-10P0N, 790.0, -0.0023, 100.53
MQ-10P0N, 791.0, -0.0024, 100.55
MQ-10P0N, 792.0, -0.0024, 100.56
MQ-10P0N, 793.0, -0.0024, 100.54
MQ-10P0N, 794.0, -0.0024, 100.56
MQ-10P0N, 795.0, -0.0024, 100.54
MQ-10P0N, 796.0, -0.0024, 100.56
MQ-10P0N, 797.0, -0.0024, 100.56
MQ-10P0N, 798.0, -0.0024, 100.55
MQ-10P0N, 799.0, -0.0024, 100.56
MQ-10P0N, 800.0, -0.0024, 100.55
MQ-10P0N, 801.0, -0.0025, 100.57
MQ-10P0N, 802.0, -0.0025, 100.57
MQ-10P0N, 803.0, -0.0025, 100.57
MQ-10P0N, 804.0, -0.0024, 100.55
MQ-10P0N, 805.0, -0.0024, 100.55
MQ-10P0N, 806.0, -0.0024, 100.54
MQ-10P0N, 807.0, -0.0024, 100.55
MQ-10P0N, 808.0, -0.0023, 100.54
MQ-10P0N, 809.0, -0.0024, 100.55
MQ-10P0N, 810.0, -0.0024, 100.55
MQ-10P0N, 811.0, -0.0024, 100.56
MQ-10P0N, 812.0, -0.0024, 100.55
MQ-10P0N, 813.0, -0.0024, 100.56
MQ-10P0N, 814.0, -0.0024, 100.56
MQ-10P0N, 815.0, -0.0024, 100.56
MQ-10P0N, 816.0, -0.0024, 100.56
MQ-10P0N, 817.0, -0.0024, 100.56
MQ-10P0N, 818.0, -0.0025, 100.57
MQ-10P0N, 819.0, -0.0025, 100.58
MQ-10P0N, 820.0, -0.0024, 100.56
MQ-10P0N, 821.0, -0.0024, 100.55
MQ-10P0N, 822.0, -0.0024, 100.56
MQ-10P0N, 823.0, -0.0025, 100.58
MQ-10P0N, 824.0, -0.0025, 100.58
MQ-10P0N, 825.0, -0.0025, 100.59
MQ-10P0N, 826.0, -0.0026, 100.60
MQ-10P0N, 827.0, -0.0026, 100.59
MQ-10P0N, 828.0, -0.0025, 100.58
MQ-10P0N, 829.0, -0.0025, 100.57
MQ-10P0N, 830.0, -0.0025, 100.58
MQ-10P0N, 831.0, -0.0025, 100.57
MQ-10P0N, 832.0, -0.0025, 100.58
MQ-10P0N, 833.0, -0.0024, 100.56
MQ-10P0N, 834.0, -0.0024, 100.55
MQ-10P0N, 835.0, -0.0024, 100.55
MQ-10P0N, 836.0, -0.0024, 100.55
MQ-10P0N, 837.0, -0.0025, 100.57
MQ-10P0N, 838.0, -0.0024, 100.56
MQ-10P0N, 839.0, -0.0024, 100.57
MQ-10P0N, 840.0, -0.0024, 100.57
MQ-10P0N, 841.0, -0.0024, 100.55
MQ-10P0N, 842.0, -0.0024, 100.56
MQ-10P0N, 843.0, -0.0025, 100.58
MQ-10P0N, 844.0, -0.0025, 100.57
MQ-10P0N, 845.0, -0.0025, 100.57
MQ-10P0N, 846.0, -0.0025, 100.59
MQ-10P0N, 847.0, -0.0024, 100.56
MQ-10P0N, 848.0, -0.0025, 100.58
MQ-10P0N, 849.0, -0.0024, 100.56
MQ-10P0N, 850.0, -0.0024, 100.56
